人物1位置=14
人物2位置=74
魔塔层数=0
宝石波次=
卡槽数=7
铲子	7	073|11	080|21	087|31	094|41	101|51	108|61	115|71	128|13	135|23	142|33	149|43	156|63	163|73	170|24	177|34	184|44	191|64
小火炉	7x	002|13	009|23	018|33	025|43	032|63	039|73	046|24	053|34	060|44	067|64	074|11	081|21	088|31	095|41	102|51	109|61	116|71
糖葫芦	7x补	093|15	100|25	107|65	115|75	129|13	136|23	143|33	150|43	157|63	164|73	171|24	178|34	185|44	192|64	199|00	206|00	213|00	220|00	227|00	234|00	241|00	248|00	255|00	262|00	269|00	276|00	283|00	290|00	297|00	304|00	311|00	318|00	325|00	332|00	339|00	346|00	353|00	360|00	367|00	374|00	381|00	388|00	395|00	402|00	409|00	416|00	423|00	430|00	437|00	444|00	451|00	458|00	465|00	472|00	479|00	486|00	493|00	500|00	507|00	514|00	521|00	528|00	535|00	542|00	549|00	556|00	563|00	570|00	577|00	584|00	591|00	598|00	605|00	612|00	619|00	626|00	633|00	640|00	647|00	654|00	661|00	668|00	675|00	682|00	689|00	696|00	703|00	710|00	717|00	724|00	731|00	738|00	745|00	752|00	759|00	766|00	773|00	780|00	787|00	794|00	801|00	808|00	815|00	822|00	829|00	836|00	843|00	850|00	857|00	864|00	871|00	878|00	885|00	892|00	899|00	906|00	913|00	920|00	927|00	934|00	941|00	948|00	955|00
布丁	7x补	116|52	124|12	137|22	144|32	151|42	158|62	165|72	172|00	179|00	186|00	193|00	200|00	207|00	214|00	221|00	228|00	235|00	242|00	249|00	256|00	263|00	270|00	277|00	284|00	291|00	298|00	305|00	312|00	319|00	326|00	333|00	340|00	347|00	354|00	361|00	368|00	375|00	382|00	389|00	396|00	403|00	410|00	417|00	424|00	431|00	438|00	445|00	452|00	459|00	466|00	473|00	480|00	487|00	494|00	501|00	508|00	515|00	522|00	529|00	536|00	543|00	550|00	557|00	564|00	571|00	578|00	585|00	592|00	599|00	606|00	613|00	620|00	627|00	634|00	641|00	648|00	655|00	662|00	669|00	676|00	683|00	690|00	697|00	704|00	711|00	718|00	725|00	732|00	739|00	746|00	753|00	760|00	767|00	774|00	781|00	788|00	795|00	802|00	809|00	816|00	823|00	830|00	837|00	844|00	851|00	858|00	865|00	872|00	879|00	886|00	893|00	900|00	907|00	914|00	921|00	928|00	935|00	942|00	949|00	956|00
瓜皮	15x	069|49	084|39
处女座	30x	077|59
海星	7x补	031|66	041|68	048|78	055|28	062|18	069|49	077|59	084|39	091|57	098|47	105|37	112|77	119|67	126|27	133|17	140|76	147|26	154|16	161|56	168|46	175|36	182|55	189|54	196|53	203|45	210|35	217|00	224|00	231|00	238|00	245|00	252|00	259|00	266|00	273|00	280|00	287|00	294|00	301|00	308|00	315|00	322|00	329|00	336|00	343|00	350|00	357|00	364|00	371|00	378|00	385|00	392|00	399|00	406|00	413|00	420|00	427|00	434|00	441|00	448|00	455|00	462|00	469|00	476|00	483|00	490|00	497|00	504|00	511|00	518|00	525|00	532|00	539|00	546|00	553|00	560|00	567|00	574|00	581|00	588|00	595|00	602|00	609|00	616|00	623|00	630|00	637|00	644|00	651|00	658|00	665|00	672|00	679|00	686|00	693|00	700|00	707|00	714|00	721|00	728|00	735|00	742|00	749|00	756|00	763|00	770|00	777|00	784|00	791|00	798|00	805|00	812|00	819|00	826|00	833|00	840|00	847|00	854|00	861|00	868|00	875|00	882|00	889|00	896|00	903|00	910|00	917|00	924|00	931|00	938|00	945|00	952|00	959|00
木盘子	7x	002|34	009|44	016|54	023|35	030|45	037|55	044|36	051|46	058|56	068|49	076|59	083|39	090|37	097|47	104|57
