轨道版本号=v4.6.2
注释=
人物1位置=34
人物2位置=54
魔塔层数=0
退出时间=0
刷技能模式=0
优先队列=
卡槽数=9
宝石	120[0]
铲子	0[0]
木塞子	7[1]
小火炉	7[3]极独	002|31	012|51	000|23	000|33	000|53	000|63	000|13	000|43	000|73	000|15	000|25	000|65	000|75
海星	7[3]补极独	019|48	000|68	000|28	000|77	000|41	000|58	000|38	000|67	000|57	000|47	000|37	000|27	000|17	000|76	000|66	000|56	000|36	000|26	000|16
冰激凌	42[5]
糖葫芦	7[3]补极独	045|14	058|24	071|64	000|74
木盘子	7[1]
麦芽糖	7[1]
瓜皮	15[2]
处女座	30[2]
--第3波--
宝石	120[0]
铲子	7[0]独	002|15	009|25	016|65	023|75	030|13	037|23	044|33	000|43	000|53	000|63	000|73	000|22	000|32	000|42	000|52	000|62
木塞子	7[1]
小火炉	7[3]
海星	7[3]补极独	004|41	000|28	000|38	000|48	000|58	000|68	000|17	000|27	000|37	000|47	000|57	000|67	000|77	000|16	000|26	000|36	000|56	000|66	000|76	000|15	000|25	000|65	000|75	000|13	000|23	000|33	000|43	000|53	000|63	000|73	000|22	000|32	000|42	000|52	000|62
冰激凌	42[5]
糖葫芦	7[3]继
木盘子	7[1]
麦芽糖	7[1]
瓜皮	15[2]
处女座	30[2]
