轨道版本号=v4.21
注释=
人物1位置=11
人物2位置=71
魔塔层数=0
退出时间=0
卡槽数=12
宝石	120[0]
铲子	7[0]	039|57	046|37	053|67	060|47	067|27
小火炉	7[3]补极	002|21	012|31	000|41	000|51	000|61	000|12	000|22	000|32	000|42	000|52	000|62	000|72	000|13	000|23	000|33	000|43	000|53	000|63	000|73
海星	7[3]补极	020|45	000|77	000|17	000|57	000|37	000|67	000|47	000|27	000|18	000|38	000|48	000|58	000|78	000|16	000|26	000|36	000|46	000|56	000|66	000|76
冰激凌	42[5]
糖葫芦	7[3]补极	070|14	000|24	000|34	000|44	000|54	000|64	000|74	000|15	000|25	000|35	000|55	000|65	000|75
木盘子	7[1]
棉花糖	5[1]
瓜皮	15[2]
处女座	30[2]
开水壶	29[3]
油灯	12[3]
狮子座	35[3]
布丁	7[3]
