轨道版本号=v4.21
注释=
人物1位置=52
人物2位置=32
魔塔层数=0
退出时间=0
卡槽数=12
宝石	120[0]
铲子	1[0]
小火炉	7[3]补	002|11	009|71	016|12	023|22	030|72	037|00	044|00	051|00	058|00	065|00	072|00	079|00
海星	7[3]补极	000|48	000|38	000|19	000|58	000|79	000|47	000|78	000|57	000|18	000|67	000|37	000|27	000|17	000|77	000|46	000|45	000|44	000|43	000|36	000|56
冰激凌	42[5]
糖葫芦	7[3]
木盘子	4[1]补	060|79	064|19	068|18	072|78	076|17	080|77	084|00	088|00	092|00	096|00	100|00	104|00	108|00
棉花糖	5[1]
瓜皮	15[2]补极	000|19	000|79
处女座	30[2]
开水壶	29[3]
油灯	12[3]补	030|62	042|00	054|00	066|00
狮子座	30[3]
布丁	7[3]补	060|42	067|13	074|73	081|23	088|33	095|53	102|63	109|00	116|00	123|00	130|00	137|00	144|00	151|00
