轨道版本号=v4.21
注释=
人物1位置=71
人物2位置=11
魔塔层数=0
退出时间=0
卡槽数=13
宝石	120[0]
铲子	0[0]独	028|23	043|43	058|23	073|33	073|43	360|43
小火炉	7[3]补独	002|23	011.5|33	019.5|43	027|53	035|63	042|34	050|54	057|64	065|21	072|41	080|62	087|35	095|55	102|31	110|51	113|56	117|00	120|00	124|00	127|00	131|00	134|00	138|00	141|00	145|00	148|00	152|00	155|00	159|00	162|00	166|00	169|00	173|00	176|00	180|00	187|00	194|00	201|00	208|00	215|00	222|00	229|00	236|00	243|00	250|00	257|00	264|00	271|00	278|00	285|00	292|00
海星	7[3]补极独	030|44	032|47	038|32	040|52	042|76	044|16	058|57	060|48	062|58	070|37	077|36	084|24	090|14	100|13	000|74	000|27	000|67	000|38	000|28	000|68	000|17	000|77	000|46	000|45	000|43	000|25	000|65
冰激凌	42[5]
糖葫芦	7[3]补极独	160|12	000|73	000|72	000|61
木盘子	7[1]
棉花糖	10[1]
瓜皮	15[2]补极独	080|67	000|27	000|76	000|16	000|48	000|58	000|38	000|68	000|77	000|28	000|17	000|47	000|57	000|46	000|45
处女座	30[2]补极独	120|67	000|27	000|76	000|16	000|38	000|48	000|58	000|47	000|57	000|46	000|28	000|17	000|68	000|77	000|45
开水壶	29[3]
油灯	12[3]补极独	090|22
酒瓶	27[3]补极独	400|42	000|43	000|44	000|45	000|46	000|47	000|48
布丁	7[3]补独	240|42	247|00	254|00	261|00	268|00	275|00	282|00	289|00	296|00	303|00	310|00	317|00	324|00	331|00	338|00	345|00	352|00	359|00
咖啡粉	7[4]
