轨道版本号=v4.21
注释=
人物1位置=11
魔塔层数=0
退出时间=0
卡槽数=10
宝石	120[0]
铲子	0[0]独	040|49
木盘子	7[1]
小火炉	7[3]
酒杯灯	7[3]
冰激凌	42[5]
瓜皮	15[2]
开水壶	27[3]
布丁	7[3]补极独	023|76	000|16	000|21
刺梨	15[3]极	000|49	000|26	000|66	000|19	000|79
酒瓶	27[3]补	395|00
棉花糖	3[1]极独	040|19	000|29	000|39	000|49	000|59	000|69	000|79	000|19	000|29	000|39	000|49	000|59	000|69	000|79	000|19	000|29	000|39	000|49	000|59	000|69	000|79	000|19	000|29	000|39	000|49	000|59	000|69	000|79	000|19	000|29	000|39	000|49	000|59	000|69	000|79	000|19	000|29	000|39	000|49	000|59	000|69	000|79	000|19	000|29	000|39	000|49	000|59	000|69	000|79	000|19	000|29	000|39	000|49	000|59	000|69	000|79	000|19	000|29	000|39	000|49	000|59	000|69	000|79	000|19	000|29	000|39	000|49	000|59	000|69	000|79	000|19	000|29	000|39	000|49	000|59	000|69	000|79	000|19	000|29	000|39	000|49	000|59	000|69	000|79	000|19	000|29	000|39	000|49	000|59	000|69	000|79	000|19	000|29	000|39	000|49	000|59	000|69	000|79
--第1波--
宝石	120[0]
铲子	0[0]
木盘子	7[1]
小火炉	7[3]
酒杯灯	7[3]
冰激凌	42[5]
瓜皮	15[2]
开水壶	27[3]
布丁	7[3]补极	000|76	000|16	000|21	000|41
刺梨	15[3]补极	000|26	000|66	000|19	000|79
酒瓶	27[3]
棉花糖	3[1]继
--第2波--
宝石	120[0]
铲子	0[0]独
木盘子	7[1]
小火炉	7[3]
酒杯灯	7[3]
冰激凌	42[5]
瓜皮	15[2]
开水壶	27[3]
布丁	7[3]补极独	000|31	000|41	000|51	000|16	000|76
刺梨	15[3]补极	000|79	000|19	000|26	000|66
酒瓶	27[3]补独
棉花糖	3[1]继
--第4.1波--
宝石	120[0]
铲子	0[0]
木盘子	7[1]
小火炉	7[3]
酒杯灯	7[3]
冰激凌	42[5]
瓜皮	15[2]
开水壶	27[3]补极,1,0,0,,,0,光球夜,1	000|45
布丁	7[3]继
刺梨	15[3]补极	000|26	000|66
酒瓶	27[3]
棉花糖	3[1]继
--第5波--
宝石	120[0]
铲子	0[0]
木盘子	7[1]
小火炉	7[3]
酒杯灯	7[3]
冰激凌	42[5]
瓜皮	15[2]
开水壶	27[3]独	002|45	036|55	067|55
布丁	7[3]补极	000|42	000|41
刺梨	15[3]补极	000|41
酒瓶	27[3]独	028|49	059|49
棉花糖	3[1]继
