人物1位置=11
人物2位置=71
魔塔层数=0
宝石波次=
卡槽数=8
铲子	0	268|13	275|23	282|33	289|43	296|15	303|25	310|65	317|75	324|53	331|63	334|73	341|12	348|22	355|32	362|42	369|52	376|62	379|72
小火炉	7x	022|21	029|31	036|41	043|51	050|61	057|73	064|63	071|53	079|15	086|25	093|65	100|75
酒杯灯	7x	002|12	009|22	016|32	023|42	030|52	037|62	044|72	051|13	058|23	065|33	072|43
海星	7x	049|54	060|34	071|74	078|14	086|44	093|64	100|24	108|49	115|35	123|59	130|45	138|39	145|55	153|69	160|16	168|29	175|26	185|79	192|36	199|19	206|46	213|56	220|66	227|76	234|17	241|37	248|47	255|57	262|77	269|13	276|23	283|33	290|43	297|15	304|25	311|65	318|75	325|53	332|63	335|73	342|12	349|22	356|32	363|42	370|52	377|62	380|72
狮子座	35x
糖葫芦	7x
瓜皮	15x	108|49	123|59	138|39	153|69	168|29	183|79	198|19
冰激凌	42x	332|63	377|62
木盘子	7x	078|15	085|25	092|65	099|75	107|49	114|35	122|59	129|45	137|39	144|55	152|69	159|16	167|29	174|26	182|79	189|36	197|19	204|46	211|56	218|66	225|76	232|17	239|37	246|47	253|57	260|77
