轨道版本号=v4.5
注释=
人物1位置=13
魔塔层数=151
退出时间=0
刷技能模式=0
卡槽数=13
宝石	120[0]极,5,0,0,2
铲子	0[0]
冰桶	29[3]补独	038.5|17	068|00	097.5|00	127|00	156.5|00
小火炉	7[3]补极	000|22	000|32	000|52	000|62	000|72	000|11	000|21	000|61	000|71	000|43
海星	7[3]补	002|26	009|36	023|46	030|56	037|66	044|12	051|44	058|35	065|55	072|24	079|34	086|54	093|64	100|00	107|00	114|00	121|00	128|00	135|00	142|00	149|00	156|00	163|00	170|00	177|00	184|00	191|00	198|00	205|00	212|00	219|00	226|00	233|00	240|00	247|00	254|00	261|00	268|00	275|00	282|00	289|00	296|00	303|00	310|00	317|00	324|00	331|00	338|00	345|00	352|00	359|00	366|00	373|00	380|00	387|00	394|00	401|00	408|00	415|00	422|00	429|00	436|00	443|00	450|00	457|00	464|00	471|00	478|00	485|00	492|00	499|00	506|00	513|00	520|00	527|00	534|00	541|00	548|00	555|00	562|00	569|00	576|00	583|00	590|00	597|00	604|00	611|00	618|00	625|00	632|00	639|00	646|00	653|00	660|00	667|00	674|00	681|00	688|00	695|00	702|00	709|00	716|00	723|00	730|00	737|00	744|00	751|00	758|00	765|00	772|00	779|00	786|00	793|00	800|00	807|00	814|00	821|00	828|00	835|00	842|00	849|00	856|00	863|00	870|00	877|00	884|00	891|00	898|00	905|00	912|00	919|00	926|00	933|00	940|00	947|00	954|00
冰沙	33[5]极	002|00
糖葫芦	7[3]补	003|33	010|53	017|63	052|73	059|00	066|00	073|00	080|00	087|00	094|00	101|00	108|00	115|00	122|00	129|00	136|00	143|00	150|00	157|00	164|00	171|00	178|00	185|00	192|00	199|00	206|00	213|00	220|00	227|00	234|00	241|00	248|00	255|00	262|00	269|00	276|00	283|00	290|00	297|00	304|00	311|00	318|00	325|00	332|00	339|00	346|00	353|00	360|00	367|00	374|00	381|00	388|00	395|00	402|00	409|00	416|00	423|00	430|00	437|00	444|00	451|00	458|00	465|00	472|00	479|00	486|00	493|00	500|00	507|00	514|00	521|00	528|00	535|00	542|00	549|00	556|00	563|00	570|00	577|00	584|00	591|00	598|00	605|00	612|00	619|00	626|00	633|00	640|00	647|00	654|00	661|00	668|00	675|00	682|00	689|00	696|00	703|00	710|00	717|00	724|00	731|00	738|00	745|00	752|00	759|00	766|00	773|00	780|00	787|00	794|00	801|00	808|00	815|00	822|00	829|00	836|00	843|00	850|00	857|00	864|00	871|00	878|00	885|00	892|00	899|00	906|00	913|00	920|00	927|00	934|00	941|00	948|00	955|00
木盘子	7[1]
棉花糖	10[1]
瓜皮	15[2]补极	003|17	000|26	000|36	000|46	000|56	000|66
处女座	30[2]补极	003|71	000|61	000|52	000|17	000|26	000|36	000|46	000|56	000|66
油灯	10[3]补	002|23	012|00	022|00	032|00	042|00	052|00	062|00	072|00	082|00	092|00	102|00	112|00	122|00	132|00	142|00	152|00	162|00	172|00	182|00	192|00	202|00	212|00	222|00	232|00	242|00	252|00	262|00	272|00	282|00	292|00	302|00	312|00	322|00	332|00	342|00	352|00	362|00	372|00	382|00	392|00	402|00	412|00	422|00	432|00	442|00	452|00	462|00	472|00	482|00	492|00	502|00	512|00	522|00	532|00	542|00	552|00	562|00	572|00	582|00	592|00	602|00	612|00	622|00	632|00	642|00	652|00	662|00	672|00	682|00	692|00	702|00	712|00	722|00	732|00	742|00	752|00	762|00	772|00	782|00	792|00	802|00	812|00	822|00	832|00	842|00	852|00	862|00	872|00	882|00	892|00	902|00	912|00	922|00	932|00	942|00	952|00
可乐	29[3]补独	022|68	051.5|00	081|00	110.5|00	140|00	169.5|00
气泡	8[1]极	000|72	000|11	000|21	000|61	000|71	000|73	000|43	000|26	000|36	000|46	000|56	000|66
开水	29[3]补独	022|37	051.5|00	081|00	110.5|00	140|00	169.5|00
