轨道版本号=v4.6
注释=
人物1位置=24
人物2位置=64
魔塔层数=0
退出时间=0
刷技能模式=0
优先队列=
卡槽数=12
宝石	120[0]
铲子	0[0]
咖啡粉	7[4]
小火炉	7[3]补极独	000|11	000|21	000|61	000|71	000|22	000|62	000|13	000|23	000|63	000|73	000|14	000|34	000|54	000|74
海星	7[3]补极,0,0,200	000|43	000|42	000|44	000|35	000|55	000|16	000|76	000|36	000|56	000|17	000|77	000|37	000|57	000|18	000|78	000|38	000|58
冰沙	34[5]独,0,0,1000	069|00	103|00	137|00	171|00	205|00	239|00	273|00	307|00	341|00	375|00	409|00	443|00	477|00	511|00	545|00	579|00	613|00	647|00	681|00	715|00	749|00	783|00	817|00	851|00	885|00	919|00	953|00
糖葫芦	7[3]补极,0,0,500	000|33	000|53
木盘子	7[1]补极	000|21	000|41	000|61	000|22	000|42	000|62	000|23	000|43	000|63	000|44
麦芽糖	7[1]
瓜皮	15[2]补极,0,0,500	000|35	000|55	000|16	000|76	000|36	000|56	000|17	000|77	000|37	000|57	000|18	000|78	000|38	000|58	000|34	000|54	000|33	000|53	000|43	000|14	000|74	000|13	000|73
处女座	30[2]补极,0,0,500	000|35	000|55	000|16	000|76	000|36	000|56	000|17	000|77	000|37	000|57	000|18	000|78	000|38	000|58	000|34	000|54	000|33	000|53	000|43	000|14	000|74	000|13	000|73
冰桶	17[3]补独,0,0,150	040|15	057|00	074|00	091|00	108|00	125|00	142|00	159|00	176|00	193|00	210|00	227|00	244|00	261|00	278|00	295|00	312|00	329|00	346|00	363|00	380|00	397|00	414|00	431|00	448|00	465|00	482|00	499|00	516|00	533|00	550|00	567|00	584|00	601|00	618|00	635|00	652|00	669|00	686|00	703|00	720|00	737|00	754|00	771|00	788|00	805|00	822|00	839|00	856|00	873|00	890|00	907|00	924|00	941|00	958|00
年糕蟹	37[3]补极	000|32	000|52	000|12	000|72
布丁	7[3]补极,0,0,1000	000|31	000|41	000|51
