人物1位置=21
人物2位置=61
魔塔层数=0
宝石波次=
卡槽数=7
铲子	7
小火炉	7	046|11	053|31	060|51	067|71
海星	7补	019|41	026|67	033|77	040|57	047|47	054|37	061|27	068|17	075|18	082|28	089|55	096|65	103|75	110|54	117|64	124|74	131|13	138|23	145|33	152|43	159|53	166|63	173|73	180|00	187|00	194|00	201|00	208|00	215|00	222|00	229|00	236|00	243|00	250|00	257|00	264|00	271|00	278|00	285|00	292|00	299|00	306|00	313|00	320|00	327|00	334|00	341|00	348|00	355|00	362|00	369|00	376|00	383|00	390|00	397|00	404|00	411|00	418|00	425|00	432|00	439|00	446|00	453|00	460|00	467|00	474|00	481|00	488|00	495|00	502|00	509|00	516|00	523|00	530|00	537|00	544|00	551|00	558|00	565|00	572|00	579|00	586|00	593|00	600|00	607|00	614|00	621|00	628|00	635|00	642|00	649|00	656|00	663|00	670|00	677|00	684|00	691|00	698|00	705|00	712|00	719|00	726|00	733|00	740|00	747|00	754|00	761|00	768|00	775|00	782|00	789|00	796|00	803|00	810|00	817|00	824|00	831|00	838|00	845|00	852|00	859|00	866|00	873|00	880|00	887|00	894|00	901|00	908|00	915|00	922|00	929|00	936|00	943|00	950|00	957|00
狮子座	35
冰激凌	42
瓜皮	15
处女座	30
布丁	7
