人物1位置=23
人物2位置=63
魔塔层数=0
宝石波次=
卡槽数=7
铲子	7	040|11	040|31	056|41	072|51	074|16	074|26	074|36	074|46	074|56	074|66	074|76	088|71	202|16	209|26	216|46	223|66	230|76
小火炉	8独	011|11	024|31	040|41	056|51	072|71	088|12	101|11	109|31	117|51	125|71	133|21	141|61	149|16	157|26	165|46	173|66	181|76
海星	7补	019|75	032|65	039|55	046|45	053|35	060|25	067|15	144|41	154|74	161|73	168|53	175|43	182|33	189|13	196|16	203|26	210|46	217|66	224|76	231|00	238|00	245|00	252|00	259|00	266|00	273|00	280|00	287|00	294|00	301|00	308|00	315|00	322|00	329|00	336|00	343|00	350|00	357|00	364|00	371|00	378|00	385|00	392|00	399|00	406|00	413|00	420|00	427|00	434|00	441|00	448|00	455|00	462|00	469|00	476|00	483|00	490|00	497|00	504|00	511|00	518|00	525|00	532|00	539|00	546|00	553|00	560|00	567|00	574|00	581|00	588|00	595|00	602|00	609|00	616|00	623|00	630|00	637|00	644|00	651|00	658|00	665|00	672|00	679|00	686|00	693|00	700|00	707|00	714|00	721|00	728|00	735|00	742|00	749|00	756|00	763|00	770|00	777|00	784|00	791|00	798|00	805|00	812|00	819|00	826|00	833|00	840|00	847|00	854|00	861|00	868|00	875|00	882|00	889|00	896|00	903|00	910|00	917|00	924|00	931|00	938|00	945|00	952|00	959|00
狮子座	35补极	076|36	080|56
冰激凌	42	076|36
瓜皮	15补	075|36	091|56	120|16	135|26	150|46	181|66	196|76	211|00	226|00	241|00	256|00	271|00	286|00	301|00	316|00	331|00	346|00	361|00	376|00	391|00	406|00	421|00	436|00	451|00	466|00	481|00	496|00	511|00	526|00	541|00	556|00	571|00	586|00	601|00	616|00	631|00	646|00	661|00	676|00	691|00	706|00	721|00	736|00	751|00	766|00	781|00	796|00	811|00	826|00	841|00	856|00	871|00	886|00	901|00	916|00	931|00	946|00
处女座	30补	107|36	137|56	181|16	211|26	241|46	271|66	301|76	331|00	361|00	391|00	421|00	451|00	481|00	511|00	541|00	571|00	601|00	631|00	661|00	691|00	721|00	751|00	781|00	811|00	841|00	871|00	901|00	931|00
布丁	7补独	029|16	030|26	000|36	000|46	000|56	000|66	000|76
