人物1位置=25
人物2位置=65
魔塔层数=0
宝石波次=
卡槽数=7
铲子	7	027|16	027|26	027|36	027|46	027|56	027|66	027|76	191|11	195|15
小火炉	8补独	004|21	017|31	030|51	043|61	056|71	069|11	082|35	095|45	108|55	121|75	134|15	142|00	150|00	158|00	166|00	174|00	182|00	190|00	217|00	225|00	233|00	241|00	249|00	257|00	265|00	273|00	281|00	289|00	297|00	305|00	313|00	321|00	329|00	337|00	345|00	353|00	361|00	369|00	377|00	385|00	393|00	401|00	409|00	417|00	425|00	433|00	441|00	449|00	457|00	465|00	473|00	481|00	489|00	497|00	505|00	513|00	521|00	529|00	537|00	545|00	553|00	561|00	569|00	577|00	585|00	593|00	601|00	609|00	617|00	625|00	633|00	641|00	649|00	657|00	665|00	673|00	681|00	689|00	697|00	705|00	713|00	721|00	729|00	737|00	745|00	753|00	761|00	769|00	777|00	785|00	793|00	801|00	809|00	817|00	825|00	833|00	841|00	849|00	857|00	865|00	873|00	881|00	889|00	897|00	905|00	913|00	921|00	929|00	937|00	945|00	953|00
海星	7补	019|41	026|43	036|66	049|46	062|76	075|26	082|16	089|33	096|74	103|73	110|63	127|53	140|23	147|13	154|12	161|15	168|00	175|00	182|00	189|00	196|00	203|00	210|00	217|00	224|00	231|00	238|00	245|00	252|00	259|00	266|00	273|00	280|00	287|00	294|00	301|00	308|00	315|00	322|00	329|00	336|00	343|00	350|00	357|00	364|00	371|00	378|00	385|00	392|00	399|00	406|00	413|00	420|00	427|00	434|00	441|00	448|00	455|00	462|00	469|00	476|00	483|00	490|00	497|00	504|00	511|00	518|00	525|00	532|00	539|00	546|00	553|00	560|00	567|00	574|00	581|00	588|00	595|00	602|00	609|00	616|00	623|00	630|00	637|00	644|00	651|00	658|00	665|00	672|00	679|00	686|00	693|00	700|00	707|00	714|00	721|00	728|00	735|00	742|00	749|00	756|00	763|00	770|00	777|00	784|00	791|00	798|00	805|00	812|00	819|00	826|00	833|00	840|00	847|00	854|00	861|00	868|00	875|00	882|00	889|00	896|00	903|00	910|00	917|00	924|00	931|00	938|00	945|00	952|00	959|00
狮子座	35补极	114|36	127|56
冰激凌	42	114|36
瓜皮	15补	128|36	143|56	158|16	173|26	188|46	203|66	218|76	233|00	248|00	263|00	278|00	293|00	308|00	323|00	338|00	353|00	368|00	383|00	398|00	413|00	428|00	443|00	458|00	473|00	488|00	503|00	518|00	533|00	548|00	563|00	578|00	593|00	608|00	623|00	638|00	653|00	668|00	683|00	698|00	713|00	728|00	743|00	758|00	773|00	788|00	803|00	818|00	833|00	848|00	863|00	878|00	893|00	908|00	923|00	938|00	953|00
处女座	30补	140|36	170|56	200|16	230|26	260|46	290|66	320|76	350|00	380|00	410|00	440|00	470|00	500|00	530|00	560|00	590|00	620|00	650|00	680|00	710|00	740|00	770|00	800|00	830|00	860|00	890|00	920|00	950|00
布丁	7	192|11
