轨道版本号=v3.9
注释=
人物1位置=13
魔塔层数=0
退出时间=0
卡槽数=13
宝石	120[0]
铲子	0[0]
小火炉	7[3]补	002|12	012|22	019|32	026|42	033|52	040|62	047|72	054|23	061|33	068|43	075|53	082|63
海星	7[3]补极	019|58	026|38	033|78	040|18	047|28	054|48	061|68	068|17	075|27	082|47	089|67	096|77	103|16	110|26	117|36	124|46	131|56	138|66	145|76	152|15	159|25	166|35	173|45	180|55	187|65	194|75
冰激凌	42[5]	053|37
糖葫芦	7[3]
木盘子	7[1]
麦芽糖	7[1]
狮子座	35[3]补极	053|37	057|57
瓜皮	15[2]
处女座	30[2]
油灯	12[3]
炸炸菇	38[3]
气泡	10[1]	018|23	028|33	038|37	048|57	058|43	068|53	078|63
咖啡粉	7[3]
