轨道版本号=v4.21
注释=
人物1位置=34
人物2位置=54
魔塔层数=0
退出时间=0
卡槽数=12
宝石	120[0]
铲子	0[0]
小火炉	7[3]补极	002|31	012|41	019|51	026|23	033|33	040|53	047|63	054|13	061|43	068|73
海星	7[3]补极	019|48	031|68	038|28	045|38	052|58	084|77	091|17	098|27	105|47	112|67	119|16	126|26	133|36	140|56	147|66	154|76	161|15	168|25	175|65	182|75
冰激凌	42[5]	077|37
糖葫芦	7[3]补极	044|14	058|24	065|64	072|74
木盘子	7[1]
麦芽糖	7[1]	045|64	052|74
瓜皮	15[2]
处女座	30[2]
开水壶	29[3]
油灯	12[3]
狮子座	35[3]补极	077|37	081|57
气泡	10[1]	018|14	028|24	038|13	048|43	058|73	068|37	078|57
