列表版本号=v4.7
锁定=1
0	6	2	1	1	1	0	0	0
预制轨道\公会任务\1_生命之水.txt

0	6	2	1	1	1	0	0	0
预制轨道\公会任务\2_茁壮成长的大树.txt

1	6	4	1	1	1	0	0	0
预制轨道\通用轨道\6美味\4慕斯.txt

1	7	10	1	1	1	0	0	1
预制轨道\通用轨道\7火山\10港口.txt

1	6	14	1	1	1	0	0	1
预制轨道\通用轨道\6美味\14咖喱夜.txt

1	9	15	1	1	1	0	0	1
预制轨道\通用轨道\9浮空\15十三香.txt

1	7	1	1	1	1	0	0	1
预制轨道\通用轨道\7火山\1芥末日.txt

1	6	11	1	1	1	0	0	1
预制轨道\通用轨道\6美味\11可可日.txt

1	6	7	1	1	1	0	0	1
预制轨道\通用轨道\6美味\7神殿.txt

1	7	11	1	1	1	0	0	1
预制轨道\通用轨道\7火山\11棉花日.txt

1	7	15	1	1	1	0	0	1
预制轨道\通用轨道\7火山\15火山.txt

1	9	5	1	1	1	0	0	1
预制轨道\通用轨道\9浮空\5花园.txt

1	6	11	1	1	1	0	0	0
<双层包>预制轨道\通用轨道\6美味\11可可日.txt
<双层包>+
1	7	14	1	1	1	0	0	1
预制轨道\通用轨道\7火山\14果酱夜.txt

1	9	3	1	1	1	0	0	0
<肥牛>预制轨道\通用轨道\9浮空\3断桥日.txt
<肥牛>+
1	9	6	1	1	1	0	0	1
预制轨道\通用轨道\9浮空\6月桂日.txt

1	9	12	1	1	1	0	0	0
<热狗>预制轨道\通用轨道\9浮空\12花椒夜.txt
<热狗>+
1	7	6	1	1	1	0	0	0
<油灯>预制轨道\通用轨道\7火山\6炭烧日.txt
<油灯>+
1	6	14	1	1	1	0	0	0
<酒瓶>预制轨道\通用轨道\6美味\14咖喱夜.txt
<酒瓶>+
1	6	2	1	1	1	0	0	1
预制轨道\通用轨道\6美味\2色拉陆.txt

1	7	2	1	1	1	0	0	1
预制轨道\通用轨道\7火山\2芥末夜.txt

1	9	9	1	1	1	0	0	0
<香肠>预制轨道\通用轨道\9浮空\9香叶夜.txt
<香肠>+
1	6	13	1	1	1	0	0	0
预制轨道\通用轨道\6美味\13咖喱日.txt

1	6	12	1	1	1	0	0	0
预制轨道\通用轨道\6美味\12可可夜.txt

1	6	10	1	1	1	0	0	0
预制轨道\通用轨道\6美味\10布丁夜.txt

1	7	13	1	1	1	0	0	0
预制轨道\通用轨道\7火山\13果酱日.txt

1	8	0	1	1	1	0	0	0
预制轨道\通用轨道\8遗迹\0果仁.txt

1	7	7	1	1	1	0	0	0
预制轨道\通用轨道\7火山\7炭烧夜.txt

1	7	2	1	1	1	0	0	0
预制轨道\通用轨道\7火山\2芥末夜.txt

1	9	8	1	1	1	0	0	0
预制轨道\通用轨道\9浮空\8香叶日.txt

1	7	3	1	1	1	0	0	0
预制轨道\通用轨道\7火山\3薄荷日.txt

1	7	4	1	1	1	0	0	0
预制轨道\通用轨道\7火山\4薄荷夜.txt

1	10	0	1	1	1	0	0	0
<气泡>预制轨道\通用轨道\10海底\0金枪鱼.txt
<气泡>+
1	10	0	1	1	1	0	0	0
预制轨道\通用轨道\10海底\0金枪鱼.txt

1	10	2	1	1	1	0	0	0
预制轨道\通用轨道\10海底\2珊瑚夜.txt

1	10	2	1	1	1	0	0	1
<气泡>预制轨道\通用轨道\10海底\2珊瑚夜.txt
<气泡>+
1	10	0	1	1	1	0	0	1
预制轨道\通用轨道\10海底\0金枪鱼.txt

1	10	1	1	1	1	0	0	1
<气泡>预制轨道\通用轨道\10海底\1珊瑚日.txt
<气泡>+
1	10	3	1	1	1	0	0	1
预制轨道\通用轨道\10海底\3北极贝.txt

1	10	1	1	1	1	0	0	0
预制轨道\通用轨道\10海底\1珊瑚日.txt

1	13	5	1	1	1	0	0	1
预制轨道\通用轨道\13沙漠\5戈壁.txt

1	11	2	1	1	1	0	0	0
预制轨道\通用轨道\11星际\2苏打日.txt
预制轨道\通用轨道\11星际\2苏打日+.txt
1	11	4	1	1	1	0	0	1
预制轨道\通用轨道\11星际\4汉堡王.txt
预制轨道\通用轨道\11星际\4汉堡王+.txt
1	3	20	1	1	1	0	0	0
预制轨道\通用轨道\3跨服\20炼狱12.txt
预制轨道\通用轨道\3跨服\20炼狱12+.txt
1	3	12	1	1	1	0	0	0
预制轨道\通用轨道\3跨服\12天空12.txt
预制轨道\通用轨道\3跨服\12天空12+.txt
1	3	27	1	1	1	0	0	0
预制轨道\通用轨道\3跨服\27水火11.txt

1	3	35	1	1	1	0	0	0
预制轨道\通用轨道\3跨服\35巫毒11.txt

1	3	34	1	1	1	0	0	0
预制轨道\通用轨道\3跨服\34巫毒10.txt

1	3	18	1	1	1	0	0	0
预制轨道\通用轨道\3跨服\18炼狱10.txt
预制轨道\通用轨道\3跨服\18炼狱10+.txt
1	3	8	1	1	1	0	0	0
预制轨道\通用轨道\3跨服\8天空8.txt

1	3	40	1	1	1	0	0	0
预制轨道\通用轨道\3跨服\40冰封8.txt
预制轨道\通用轨道\3跨服\40冰封8+.txt
1	3	41	1	1	1	0	0	0
预制轨道\通用轨道\3跨服\41冰封9.txt
预制轨道\通用轨道\3跨服\41冰封9+.txt
0	3	44	1	1	1	0	0	0
预制轨道\公会任务\53_SSS通关四级霜冻.txt

0	3	45	1	1	1	0	0	0
预制轨道\公会任务\54_SSS通关五级冰雹.txt

1	3	4	1	1	1	0	0	0
预制轨道\通用轨道\3跨服\4古堡12.txt
预制轨道\通用轨道\3跨服\4古堡12+.txt
1	7	9	1	1	1	0	0	1
预制轨道\通用轨道\7火山\9抹茶夜.txt

1	6	1	1	1	1	0	0	1
预制轨道\通用轨道\6美味\1曲奇.txt

1	7	2	1	1	1	0	0	1
预制轨道\通用轨道\7火山\2芥末夜.txt

1	7	4	1	1	1	0	0	1
预制轨道\通用轨道\7火山\4薄荷夜.txt

1	9	14	1	1	1	0	0	1
预制轨道\通用轨道\9浮空\14丁香夜.txt

1	7	2	1	1	1	0	0	1
预制轨道\通用轨道\7火山\2芥末夜.txt

1	10	1	1	1	1	0	0	1
预制轨道\通用轨道\10海底\1珊瑚日.txt

1	6	13	1	1	1	0	0	1
预制轨道\通用轨道\6美味\13咖喱日.txt

1	6	12	1	1	1	0	0	1
预制轨道\通用轨道\6美味\12可可夜.txt

1	12	0	1	1	1	0	0	1
预制轨道\通用轨道\12营地\0戚风日.txt

1	12	2	1	1	1	0	0	1
预制轨道\通用轨道\12营地\2冰啤日.txt

1	8	0	1	1	1	0	0	1
预制轨道\通用轨道\8遗迹\0果仁.txt

1	6	0	1	1	1	0	0	1
预制轨道\通用轨道\6美味\0漫游.txt
预制轨道\通用轨道\6美味\0漫游+.txt
1	7	0	1	1	1	0	0	1
预制轨道\通用轨道\7火山\0漫游.txt
预制轨道\通用轨道\7火山\0漫游+.txt
1	9	0	1	1	1	0	0	1
预制轨道\通用轨道\9浮空\0漫游.txt
预制轨道\通用轨道\9浮空\0漫游+.txt
1	13	8	1	1	1	0	0	1
预制轨道\通用轨道\13沙漠\8金字塔.txt
预制轨道\通用轨道\13沙漠\8金字塔+.txt
1	15	5	1	1	1	0	0	1
预制轨道\通用轨道\15雷城\5音乐夜.txt
预制轨道\通用轨道\15雷城\5音乐夜+.txt
1	10	6	1	1	1	0	0	1
预制轨道\通用轨道\10海底\6天妇罗.txt

1	14	4	1	1	1	0	0	1
预制轨道\通用轨道\14雪山\4星冰乐.txt
预制轨道\通用轨道\14雪山\4星冰乐+.txt
1	11	4	1	1	1	0	0	1
<微波炉>预制轨道\通用轨道\11星际\4汉堡王.txt
<微波炉>预制轨道\通用轨道\11星际\4汉堡王+.txt
1	12	5	1	1	1	0	0	1
<1,4,6,7,8,9,10,13>预制轨道\通用轨道\12营地\5坚果夜.txt
<1,2,3,4,6>预制轨道\通用轨道\12营地\5坚果夜+.txt
0	11	9	1	1	1	0	0	1
预制轨道\公会任务\77_终极挑战.txt

0	11	6	1	1	1	0	0	1
预制轨道\公会任务\78_亡羊补牢.txt

1	11	5	1	1	1	0	0	1
预制轨道\通用轨道\11星际\5巴旦日.txt
<9>预制轨道\通用轨道\11星际\5巴旦日+.txt
1	11	5	1	1	1	0	0	1
<12>预制轨道\通用轨道\11星际\5巴旦日.txt
预制轨道\通用轨道\11星际\5巴旦日+.txt
