列表版本号=v4.01
锁定=1
1	6	1	1	2	2	0	0
预制轨道\通用轨道\美味\1曲奇.txt

1	6	2	1	2	2	0	0
预制轨道\通用轨道\美味\2色拉陆.txt

1	6	3	1	2	2	0	0
预制轨道\通用轨道\美味\3色拉水.txt

1	6	4	1	2	2	0	0
预制轨道\通用轨道\美味\4慕斯.txt

1	6	5	1	2	2	0	0
预制轨道\通用轨道\美味\5香槟陆.txt

1	6	6	1	2	2	0	0
预制轨道\通用轨道\美味\6香槟水.txt

1	6	11	1	2	2	0	0
预制轨道\通用轨道\美味\11可可日.txt

1	6	10	1	2	2	0	0
预制轨道\通用轨道\美味\10布丁夜.txt

1	6	7	1	2	2	0	0
预制轨道\通用轨道\美味\7神殿.txt

1	6	10	1	2	2	0	0
预制轨道\通用轨道\美味\10布丁夜.txt

1	6	11	1	2	2	0	0
预制轨道\通用轨道\美味\11可可日.txt

1	6	13	1	2	2	0	0
预制轨道\通用轨道\美味\13咖喱日.txt

1	7	1	1	2	2	0	0
预制轨道\通用轨道\火山\1芥末日.txt

1	7	4	1	2	2	0	0
预制轨道\通用轨道\火山\4薄荷夜.txt

1	7	5	1	2	2	0	0
<3,4,6,7,8,9,10>预制轨道\通用轨道\火山\5城堡.txt

1	7	1	1	2	0	0	0
预制轨道\通用轨道\火山\1芥末日.txt

1	7	8	1	2	0	0	0
<1>预制轨道\特殊轨道\火山\8抹茶日_禁小火炉.txt

1	7	14	1	2	0	0	0
预制轨道\通用轨道\火山\14果酱夜.txt

1	7	2	1	2	0	0	0
预制轨道\通用轨道\火山\2芥末夜.txt

1	9	5	1	2	0	0	0
<5,6,10>预制轨道\通用轨道\浮空\5花园.txt

1	6	7	1	2	0	0	0
<3,4,5,6,7,8,9,10>预制轨道\通用轨道\美味\7神殿.txt

1	6	9	1	2	0	0	0
预制轨道\通用轨道\美味\9布丁日.txt

1	6	12	1	2	0	0	0
预制轨道\通用轨道\美味\12可可夜.txt

1	6	13	1	2	0	0	0
预制轨道\特殊轨道\美味\13咖喱日_放换气扇.txt

1	6	15	1	2	0	0	0
<1,6,8,9,10,11>预制轨道\特殊轨道\美味\15深渊_禁小火炉.txt

1	7	7	1	2	2	0	0
<5>预制轨道\通用轨道\火山\7炭烧夜.txt

1	7	8	1	2	2	0	0
预制轨道\通用轨道\火山\8抹茶日.txt

1	7	15	1	2	2	0	0
预制轨道\通用轨道\火山\15火山.txt

1	9	1	1	2	2	0	0
预制轨道\通用轨道\浮空\1竹筏日.txt

1	7	6	1	2	2	0	0
预制轨道\通用轨道\火山\6炭烧日.txt

1	7	7	1	2	0	0	0
预制轨道\通用轨道\火山\7炭烧夜.txt

1	7	9	1	2	2	0	0
预制轨道\通用轨道\火山\9抹茶夜.txt

1	7	10	1	2	2	0	0
<3,5,6,7,8,9>预制轨道\通用轨道\火山\10港口.txt

1	7	11	1	2	0	0	0
预制轨道\通用轨道\火山\11棉花日.txt

1	7	12	1	2	2	0	0
<6>预制轨道\通用轨道\火山\12棉花夜.txt

1	7	13	1	2	2	0	0
预制轨道\通用轨道\火山\13果酱日.txt

1	7	14	1	2	0	0	0
预制轨道\通用轨道\火山\14果酱夜.txt

1	7	15	1	2	0	0	0
预制轨道\通用轨道\火山\15火山.txt

1	9	1	1	2	0	0	0
预制轨道\通用轨道\浮空\1竹筏日.txt

1	9	2	1	2	0	0	0
预制轨道\通用轨道\浮空\2竹筏夜.txt

1	9	3	1	2	0	0	0
<4>预制轨道\特殊轨道\浮空\3断桥日_禁糖葫芦.txt

1	9	4	1	2	0	0	0
预制轨道\通用轨道\浮空\4断桥夜.txt

1	9	5	1	2	0	0	0
<4>预制轨道\特殊轨道\浮空\5花园_禁糖葫芦.txt

1	9	6	1	2	0	0	0
预制轨道\通用轨道\浮空\6月桂日.txt

1	9	7	1	2	0	0	0
预制轨道\通用轨道\浮空\7月桂夜.txt

1	9	8	1	2	0	0	0
预制轨道\通用轨道\浮空\8香叶日.txt

1	9	10	1	2	0	0	0
预制轨道\通用轨道\浮空\10飞船.txt

1	8	0	1	2	2	0	0
预制轨道\通用轨道\遗迹\0果仁.txt

1	8	1	1	2	2	0	0
预制轨道\通用轨道\遗迹\1榛子.txt

1	8	2	1	2	2	0	0
预制轨道\通用轨道\遗迹\2黑提.txt

1	10	0	1	2	2	0	0
<12>预制轨道\特殊轨道\海底\0金枪鱼_禁气泡.txt

1	10	1	1	2	2	0	0
预制轨道\通用轨道\海底\1珊瑚日.txt

1	10	2	1	2	2	0	0
<3,5,6,7,8,9,10>预制轨道\特殊轨道\海底\2珊瑚夜_3槽.txt
预制轨道\特殊轨道\海底\2珊瑚夜_3槽单人+.txt
1	10	3	1	2	2	0	0
预制轨道\通用轨道\海底\3北极贝.txt

1	3	24	1	2	0	0	0
<5>预制轨道\特殊轨道\跨服\24水火8_禁木盘子.txt

1	3	24	1	2	0	0	0
预制轨道\特殊轨道\跨服\24水火8_禁木盘子.txt

1	3	25	1	2	2	0	0
预制轨道\通用轨道\跨服\25水火9.txt

1	3	1	1	2	2	0	0
预制轨道\通用轨道\跨服\1古堡9.txt

1	3	17	1	2	2	0	0
预制轨道\通用轨道\跨服\17炼狱9.txt

