列表版本号=v4.9.4
锁定=1
1	13	0	1	1	0	0	0	1	0
预制轨道\美食大赛\13沙漠\0沙丘日_均8.txt

1	13	1	1	1	0	0	0	1	0
预制轨道\美食大赛\13沙漠\1沙丘夜_限35.txt

1	15	0	1	1	0	0	0	1	0
预制轨道\美食大赛\15雷城\0街区日_均8.txt

1	15	1	1	1	0	0	0	1	0
预制轨道\美食大赛\15雷城\1街区夜_限35.txt

1	15	2	1	1	0	0	0	1	0
预制轨道\通用轨道\15雷城\2钟楼日.txt

1	15	3	1	1	0	0	0	1	0
预制轨道\通用轨道\15雷城\3钟楼夜.txt

1	14	0	1	1	0	0	0	1	0
预制轨道\通用轨道\14雪山\0棒冰日.txt

1	14	1	1	1	0	0	0	1	0
<2酒杯灯>预制轨道\美食大赛\14雪山\1棒冰夜_禁小火炉.txt

1	14	2	1	1	0	0	0	1	0
预制轨道\通用轨道\14雪山\2雪芭日.txt

1	14	3	1	1	0	0	0	1	0
预制轨道\通用轨道\14雪山\3雪芭夜.txt

1	15	4	1	1	0	0	0	1	0
预制轨道\美食大赛\15雷城\4音乐日_单.txt

1	14	4	1	1	1	0	0	1	0
预制轨道\通用轨道\14雪山\4星冰乐.txt
预制轨道\通用轨道\14雪山\4星冰乐+.txt
1	16	0	1	1	0	0	0	1	0
预制轨道\美食大赛\16奇境\0兔子日_均8.txt

1	16	1	1	1	0	0	0	1	0
预制轨道\美食大赛\16奇境\1兔子夜_限35.txt

1	16	2	1	1	0	0	0	1	0
预制轨道\通用轨道\16奇境\2蘑菇日.txt

1	16	3	1	1	0	0	0	1	0
预制轨道\通用轨道\16奇境\3蘑菇夜.txt

1	16	4	1	1	0	0	0	1	0
预制轨道\美食大赛\16奇境\4庭院_单.txt

1	16	4	1	1	0	0	0	1	0
预制轨道\美食大赛\16奇境\4庭院_单.txt

1	16	3	1	1	1	0	0	1	0
<2酒杯灯>预制轨道\通用轨道\16奇境\3蘑菇夜.txt

1	16	5	1	1	0	0	0	1	0
预制轨道\通用轨道\16奇境\5玫瑰日.txt

1	16	6	1	1	0	0	0	1	0
预制轨道\美食大赛\16奇境\6玫瑰夜_单.txt

1	16	7	1	1	0	0	0	1	0
预制轨道\美食大赛\16奇境\7梦境_单.txt

1	16	7	1	1	1	0	0	1	0
预制轨道\通用轨道\16奇境\7梦境.txt
预制轨道\通用轨道\16奇境\7梦境+.txt
1	12	0	1	1	0	0	0	1	0
预制轨道\美食大赛\12营地\0戚风日_均8.txt

1	12	1	1	1	0	0	0	1	0
预制轨道\美食大赛\12营地\1戚风夜_限35.txt

1	12	2	1	1	0	0	0	1	0
预制轨道\通用轨道\12营地\2冰啤日.txt

1	12	3	1	1	0	0	0	1	0
预制轨道\通用轨道\12营地\3冰啤夜.txt

1	12	4	1	1	0	0	0	1	0
预制轨道\美食大赛\12营地\4坚果日_单.txt

1	12	5	1	1	0	0	0	1	0
预制轨道\通用轨道\12营地\5坚果夜.txt

1	13	2	1	1	0	0	0	1	0
预制轨道\通用轨道\13沙漠\2绿洲.txt

1	13	3	1	1	0	0	0	1	0
预制轨道\通用轨道\13沙漠\3盆地日.txt

1	13	4	1	1	0	0	0	1	0
预制轨道\通用轨道\13沙漠\4盆地夜.txt

1	13	5	1	1	0	0	0	1	0
<2酒杯灯>预制轨道\美食大赛\13沙漠\5戈壁_禁小火炉.txt

1	13	6	1	1	0	0	0	1	0
预制轨道\美食大赛\13沙漠\6鱼骨日_单.txt

1	13	7	1	1	0	0	0	1	0
预制轨道\美食大赛\13沙漠\7鱼骨夜_单.txt

1	13	2	1	1	1	0	0	1	0
预制轨道\通用轨道\13沙漠\2绿洲.txt

1	13	5	1	1	1	0	0	1	0
预制轨道\通用轨道\13沙漠\5戈壁.txt

1	13	8	1	1	0	0	0	1	0
预制轨道\美食大赛\13沙漠\8金字塔_单.txt

