列表版本号=v4.5
锁定=1
1	6	10	1	1	1	0	0	1
预制轨道\通用轨道\6美味\10布丁夜.txt

1	6	7	1	1	1	0	0	1
预制轨道\通用轨道\6美味\7神殿.txt

1	7	7	1	1	1	0	0	1
预制轨道\通用轨道\7火山\7炭烧夜.txt

1	7	8	1	1	1	0	0	1
预制轨道\通用轨道\7火山\8抹茶日.txt

1	7	9	1	1	1	0	0	1
预制轨道\通用轨道\7火山\9抹茶夜.txt

1	7	10	1	1	1	0	0	1
预制轨道\通用轨道\7火山\10港口.txt

1	7	11	1	1	1	0	0	1
预制轨道\通用轨道\7火山\11棉花日.txt

1	7	12	1	1	1	0	0	1
预制轨道\通用轨道\7火山\12棉花夜.txt

1	7	13	1	1	1	0	0	1
预制轨道\通用轨道\7火山\13果酱日.txt

1	7	14	2	1	1	0	0	1
预制轨道\通用轨道\7火山\14果酱夜.txt

1	7	15	1	1	1	0	0	1
预制轨道\通用轨道\7火山\15火山.txt

1	9	1	1	1	1	0	0	1
预制轨道\通用轨道\9浮空\1竹筏日.txt

1	10	0	1	1	1	0	0	1
预制轨道\通用轨道\10海底\0金枪鱼.txt

1	10	1	1	1	1	0	0	1
预制轨道\通用轨道\10海底\1珊瑚日.txt

1	10	2	1	1	1	0	0	1
预制轨道\通用轨道\10海底\2珊瑚夜.txt

1	6	7	1	1	0	0	0	1
<8,9,10,11>预制轨道\通用轨道\6美味\7神殿.txt

1	6	9	1	1	0	0	0	1
预制轨道\通用轨道\6美味\9布丁日.txt

1	6	12	1	1	0	0	0	1
预制轨道\通用轨道\6美味\12可可夜.txt

1	6	13	1	1	0	0	0	1
预制轨道\美食大赛\6美味\13咖喱日_放换气扇.txt

1	6	15	1	1	0	0	0	1
<7,8,9,10>预制轨道\通用轨道\6美味\15深渊.txt

1	16	1	1	1	0	0	0	1
<12>预制轨道\通用轨道\16奇境\1兔子夜.txt

1	16	2	1	1	0	0	0	1
预制轨道\通用轨道\16奇境\2蘑菇日.txt

1	16	3	1	1	0	0	0	1
预制轨道\通用轨道\16奇境\3蘑菇夜.txt

1	3	24	1	1	0	0	0	1
<6>预制轨道\美食大赛\3跨服\24水火8_禁木盘子.txt

