列表版本号=v4.7.1
锁定=1
1	13	0	1	1	0	0	0	1
<10>预制轨道\通用轨道\13沙漠\0沙丘日.txt

1	6	4	1	1	0	0	0	1
预制轨道\通用轨道\6美味\4慕斯.txt

1	6	6	1	1	0	0	0	1
预制轨道\通用轨道\6美味\6香槟水.txt

1	6	13	1	1	0	0	0	1
预制轨道\通用轨道\6美味\13咖喱日.txt

1	7	3	1	1	0	0	0	1
预制轨道\通用轨道\7火山\3薄荷日.txt

1	13	1	1	1	1	0	0	1
预制轨道\通用轨道\13沙漠\1沙丘夜.txt

1	6	5	1	1	1	0	0	1
预制轨道\通用轨道\6美味\5香槟陆.txt

1	6	11	1	1	1	0	0	1
预制轨道\通用轨道\6美味\11可可日.txt

1	6	10	1	1	1	0	0	1
预制轨道\通用轨道\6美味\10布丁夜.txt

1	6	10	1	1	0	0	0	1
预制轨道\通用轨道\6美味\10布丁夜.txt

1	13	3	1	1	1	0	0	1
预制轨道\通用轨道\13沙漠\3盆地日.txt

1	13	4	1	1	1	0	0	1
预制轨道\通用轨道\13沙漠\4盆地夜.txt
预制轨道\通用轨道\13沙漠\4盆地夜+.txt
1	7	1	1	1	1	0	0	1
预制轨道\通用轨道\7火山\1芥末日.txt

1	13	6	1	1	1	0	0	1
预制轨道\通用轨道\13沙漠\6鱼骨日.txt
预制轨道\通用轨道\13沙漠\6鱼骨日+.txt
1	13	7	1	1	1	0	0	1
预制轨道\通用轨道\13沙漠\7鱼骨夜.txt
预制轨道\通用轨道\13沙漠\7鱼骨夜+.txt
1	6	7	1	1	1	0	0	1
<4,5,6,7,9,10,11>预制轨道\通用轨道\6美味\7神殿.txt

1	6	9	1	1	1	0	0	1
预制轨道\通用轨道\6美味\9布丁日.txt

1	6	12	1	1	1	0	0	1
预制轨道\通用轨道\6美味\12可可夜.txt

1	6	13	1	1	1	0	0	1
<换气扇>预制轨道\通用轨道\6美味\13咖喱日.txt

1	6	15	1	1	1	0	0	1
<7,9,10>预制轨道\通用轨道\6美味\15深渊.txt

1	8	0	1	1	1	0	0	1
预制轨道\通用轨道\8遗迹\0果仁.txt

1	8	1	1	1	1	0	0	1
预制轨道\通用轨道\8遗迹\1榛子.txt

1	8	2	1	1	1	0	0	1
预制轨道\通用轨道\8遗迹\2黑提.txt

1	7	2	1	1	1	0	0	1
预制轨道\通用轨道\7火山\2芥末夜.txt

1	7	4	1	1	1	0	0	1
预制轨道\通用轨道\7火山\4薄荷夜.txt

1	7	5	1	1	0	0	0	1
<4,5,7,9,10,11>预制轨道\通用轨道\7火山\5城堡.txt

1	7	6	1	1	1	0	0	1
预制轨道\通用轨道\7火山\6炭烧日.txt

1	7	7	1	1	1	0	0	1
<6>预制轨道\通用轨道\7火山\7炭烧夜.txt

1	7	8	1	1	1	0	0	1
<2酒杯灯>预制轨道\通用轨道\7火山\8抹茶日.txt

1	7	9	1	1	1	0	0	1
预制轨道\通用轨道\7火山\9抹茶夜.txt

1	7	10	1	1	1	0	0	1
<4,6,7,8,9,11>预制轨道\通用轨道\7火山\10港口.txt

1	7	11	1	1	1	0	0	1
预制轨道\通用轨道\7火山\11棉花日.txt

1	7	12	1	1	1	0	0	1
预制轨道\通用轨道\7火山\12棉花夜.txt

1	7	13	1	1	1	0	0	1
预制轨道\通用轨道\7火山\13果酱日.txt

1	7	14	1	1	1	0	0	1
预制轨道\通用轨道\7火山\14果酱夜.txt

1	7	2	1	1	1	0	0	1
预制轨道\通用轨道\7火山\2芥末夜.txt

1	7	9	1	1	0	0	0	1
预制轨道\通用轨道\7火山\9抹茶夜.txt

1	9	3	1	1	1	0	0	1
<5>预制轨道\通用轨道\9浮空\3断桥日.txt

1	9	4	1	1	1	0	0	1
预制轨道\通用轨道\9浮空\4断桥夜.txt

1	9	5	1	1	1	0	0	1
<6,7,9,10>预制轨道\通用轨道\9浮空\5花园.txt

1	6	7	1	1	0	0	0	1
预制轨道\通用轨道\6美味\7神殿.txt

1	6	15	1	1	1	0	0	1
<2酒杯灯>预制轨道\通用轨道\6美味\15深渊.txt

1	7	7	1	1	0	0	0	1
预制轨道\通用轨道\7火山\7炭烧夜.txt

1	7	8	1	1	0	0	0	1
预制轨道\通用轨道\7火山\8抹茶日.txt

1	7	10	1	1	0	0	0	1
预制轨道\通用轨道\7火山\10港口.txt

1	7	11	1	1	0	0	0	1
预制轨道\通用轨道\7火山\11棉花日.txt

1	7	15	1	1	1	0	0	1
预制轨道\通用轨道\7火山\15火山.txt

1	9	1	1	1	1	0	0	1
预制轨道\通用轨道\9浮空\1竹筏日.txt

1	10	0	1	1	1	0	0	1
<12>预制轨道\通用轨道\10海底\0金枪鱼.txt

1	10	1	1	1	1	0	0	1
<海星>预制轨道\通用轨道\10海底\1珊瑚日.txt

1	10	2	1	1	1	0	0	1
<1,4,6,7,8,9>预制轨道\美食大赛\10海底\2珊瑚夜_槽3.txt
预制轨道\美食大赛\10海底\2珊瑚夜_槽3+.txt
1	7	14	1	1	0	0	0	1
预制轨道\通用轨道\7火山\14果酱夜.txt

1	9	2	1	1	0	0	0	1
预制轨道\通用轨道\9浮空\2竹筏夜.txt

1	9	3	1	1	0	0	0	1
预制轨道\通用轨道\9浮空\3断桥日.txt

1	9	5	1	1	0	0	0	1
预制轨道\通用轨道\9浮空\5花园.txt

1	9	6	1	1	0	0	0	1
预制轨道\通用轨道\9浮空\6月桂日.txt

1	9	7	1	1	0	0	0	1
预制轨道\通用轨道\9浮空\7月桂夜.txt

1	9	8	1	1	0	0	0	1
预制轨道\通用轨道\9浮空\8香叶日.txt

1	10	1	1	1	0	0	0	1
预制轨道\通用轨道\10海底\1珊瑚日.txt

1	10	2	1	1	0	0	0	1
预制轨道\通用轨道\10海底\2珊瑚夜.txt

1	10	3	1	1	0	0	0	1
预制轨道\通用轨道\10海底\3北极贝.txt

