列表版本号=v4.9.5
锁定=1
1	6	4	1	1	0	0	0	1	0
预制轨道\美食大赛\6美味\4慕斯_均8.txt

1	6	5	1	1	0	0	0	1	0
预制轨道\美食大赛\6美味\5香槟陆_限35.txt

1	6	6	1	1	0	0	0	1	0
预制轨道\通用轨道\6美味\6香槟水.txt

1	6	7	1	1	0	0	0	1	0
预制轨道\通用轨道\6美味\7神殿.txt

1	6	9	1	1	0	0	0	1	0
预制轨道\通用轨道\6美味\9布丁日.txt

1	6	10	1	1	0	0	0	1	0
<2酒杯灯>预制轨道\通用轨道\6美味\10布丁夜.txt

1	6	13	1	1	0	0	0	1	0
预制轨道\通用轨道\6美味\13咖喱日.txt

1	6	14	1	1	0	0	0	1	0
预制轨道\通用轨道\6美味\14咖喱夜.txt

1	6	15	1	1	0	0	0	1	0
预制轨道\通用轨道\6美味\15深渊.txt

1	7	1	1	1	0	0	0	1	0
预制轨道\美食大赛\7火山\1芥末日_均8.txt

1	7	2	1	1	0	0	0	1	0
预制轨道\美食大赛\7火山\2芥末夜_限70.txt

1	7	3	1	1	0	0	0	1	0
预制轨道\通用轨道\7火山\3薄荷日.txt

1	7	4	1	1	0	0	0	1	0
预制轨道\通用轨道\7火山\4薄荷夜.txt

1	7	6	1	1	0	0	0	1	0
预制轨道\通用轨道\7火山\6炭烧日.txt

1	7	7	1	1	0	0	0	1	0
<2酒杯灯>预制轨道\通用轨道\7火山\7炭烧夜.txt

1	7	8	1	1	0	0	0	1	0
预制轨道\通用轨道\7火山\8抹茶日.txt

1	7	9	1	1	0	0	0	1	0
预制轨道\通用轨道\7火山\9抹茶夜.txt

1	7	10	1	1	0	0	0	1	0
预制轨道\通用轨道\7火山\10港口.txt

1	9	1	1	1	0	0	0	1	0
预制轨道\美食大赛\9浮空\1竹筏日_均8.txt

1	9	2	1	1	0	0	0	1	0
预制轨道\美食大赛\9浮空\2竹筏夜_限35.txt

1	9	3	1	1	0	0	0	1	0
预制轨道\通用轨道\9浮空\3断桥日.txt

1	9	4	1	1	0	0	0	1	0
预制轨道\通用轨道\9浮空\4断桥夜.txt

1	9	6	1	1	0	0	0	1	0
预制轨道\通用轨道\9浮空\6月桂日.txt

1	9	7	1	1	0	0	0	1	0
<2酒杯灯>预制轨道\通用轨道\9浮空\7月桂夜.txt

1	9	8	1	1	0	0	0	1	0
预制轨道\通用轨道\9浮空\8香叶日.txt

1	9	9	1	1	0	0	0	1	0
预制轨道\通用轨道\9浮空\9香叶夜.txt

1	9	10	1	1	0	0	0	1	0
预制轨道\通用轨道\9浮空\10飞船.txt

1	10	0	1	1	0	0	0	1	0
预制轨道\美食大赛\10海底\0金枪鱼_均8.txt

1	10	1	1	1	0	0	0	1	0
预制轨道\通用轨道\10海底\1珊瑚日.txt

1	10	2	1	1	0	0	0	1	0
预制轨道\通用轨道\10海底\2珊瑚夜.txt

1	10	4	1	1	0	0	0	1	0
预制轨道\通用轨道\10海底\4海葵日.txt

1	10	5	1	1	0	0	0	1	0
预制轨道\通用轨道\10海底\5海葵夜.txt

1	10	6	1	1	0	0	0	1	0
预制轨道\通用轨道\10海底\6天妇罗.txt

