列表版本号=v4.7.1
锁定=1
1	12	0	1	1	1	0	0	1
预制轨道\通用轨道\12营地\0戚风日.txt

1	12	0	1	1	1	1	0	1

预制轨道\通用轨道\12营地\0戚风日.txt
1	12	1	1	1	1	0	0	1
预制轨道\通用轨道\12营地\1戚风夜.txt

1	12	1	1	1	1	1	0	1

预制轨道\通用轨道\12营地\1戚风夜.txt
1	12	2	1	1	1	0	0	1
预制轨道\通用轨道\12营地\2冰啤日.txt

1	12	2	1	1	1	1	0	1

预制轨道\通用轨道\12营地\2冰啤日.txt
1	12	3	1	1	1	0	0	1
预制轨道\通用轨道\12营地\3冰啤夜.txt

1	12	3	1	1	1	1	0	1

预制轨道\通用轨道\12营地\3冰啤夜.txt
1	12	4	1	1	1	0	0	1
预制轨道\通用轨道\12营地\4坚果日.txt

1	12	4	1	1	1	1	0	1

预制轨道\通用轨道\12营地\4坚果日.txt
1	12	5	1	1	1	0	0	1
预制轨道\通用轨道\12营地\5坚果夜.txt
预制轨道\营地任务\12营地\5坚果夜_禁糖葫芦++.txt
1	12	5	1	1	1	1	0	1
预制轨道\营地任务\12营地\5坚果夜_禁糖葫芦++.txt
预制轨道\通用轨道\12营地\5坚果夜.txt
1	16	0	1	1	1	0	0	1
预制轨道\通用轨道\16奇境\0兔子日.txt

1	16	0	1	1	1	1	0	1

预制轨道\通用轨道\16奇境\0兔子日.txt
1	16	1	1	1	1	0	0	1
预制轨道\通用轨道\16奇境\1兔子夜.txt

1	16	1	1	1	1	1	0	1

预制轨道\通用轨道\16奇境\1兔子夜.txt
1	16	2	1	1	1	0	0	1
预制轨道\通用轨道\16奇境\2蘑菇日.txt

1	16	2	1	1	1	1	0	1

预制轨道\通用轨道\16奇境\2蘑菇日.txt
1	16	3	1	1	1	0	0	1
预制轨道\通用轨道\16奇境\3蘑菇夜.txt

1	16	3	1	1	1	1	0	1

预制轨道\通用轨道\16奇境\3蘑菇夜.txt
1	12	0	1	1	1	0	0	1
预制轨道\通用轨道\12营地\0戚风日.txt

1	12	0	1	1	1	1	0	1

预制轨道\通用轨道\12营地\0戚风日.txt
1	16	4	1	1	1	0	0	1
预制轨道\通用轨道\16奇境\4庭院.txt
预制轨道\营地任务\16奇境\4庭院_星10++.txt
1	16	4	1	1	1	1	0	1
预制轨道\营地任务\16奇境\4庭院_星10++.txt
预制轨道\通用轨道\16奇境\4庭院.txt
1	16	5	1	1	1	0	0	1
预制轨道\营地任务\16奇境\5玫瑰日_火5000.txt
预制轨道\营地任务\16奇境\5玫瑰日_火5000++.txt
1	16	5	1	1	1	0	0	1
预制轨道\通用轨道\16奇境\5玫瑰日.txt

1	16	5	1	1	1	1	0	1

预制轨道\通用轨道\16奇境\5玫瑰日.txt
1	16	6	1	1	1	0	0	1
预制轨道\营地任务\16奇境\6玫瑰夜_火5000.txt
预制轨道\营地任务\16奇境\6玫瑰夜_火5000++.txt
1	16	6	1	1	1	0	0	1
预制轨道\通用轨道\16奇境\6玫瑰夜.txt
预制轨道\营地任务\16奇境\6玫瑰夜_星9++.txt
1	16	6	1	1	1	1	0	1
预制轨道\营地任务\16奇境\6玫瑰夜_星9++.txt
预制轨道\通用轨道\16奇境\6玫瑰夜.txt
1	16	7	1	1	1	0	0	1
预制轨道\营地任务\16奇境\7梦境_火5000.txt
预制轨道\营地任务\16奇境\7梦境_火5000++.txt
1	16	7	1	1	1	0	0	1
预制轨道\通用轨道\16奇境\7梦境.txt
预制轨道\营地任务\16奇境\7梦境_星10++.txt
1	16	7	1	1	1	1	0	1
预制轨道\营地任务\16奇境\7梦境_星10++.txt
预制轨道\通用轨道\16奇境\7梦境.txt
1	16	4	1	1	1	0	0	1
预制轨道\通用轨道\16奇境\4庭院.txt
预制轨道\通用轨道\16奇境\4庭院+.txt
1	16	2	1	1	1	2	0	1
预制轨道\通用轨道\16奇境\2蘑菇日.txt
预制轨道\通用轨道\16奇境\2蘑菇日.txt
1	16	1	1	1	1	2	0	1
预制轨道\通用轨道\16奇境\1兔子夜.txt
预制轨道\通用轨道\16奇境\1兔子夜.txt
1	12	4	1	1	1	2	0	1
预制轨道\通用轨道\12营地\4坚果日.txt
预制轨道\通用轨道\12营地\4坚果日.txt
1	16	3	1	1	1	0	0	1
预制轨道\营地任务\16奇境\3蘑菇夜_放双菇.txt
预制轨道\营地任务\16奇境\3蘑菇夜_放双菇++.txt
