轨道版本号=v4.6.2
注释=
人物1位置=11
人物2位置=65
魔塔层数=0
退出时间=0
刷技能模式=0
优先队列=海星,海星
卡槽数=11
宝石	120[0]
铲子	7[0]
咖啡粉	7[4]
小火炉	7[3]补极绝	000|31	000|51	000|11	000|21	000|61	000|71	000|12	000|22	000|62	000|72	000|13	000|23	000|63	000|73	000|14	000|24	000|64	000|74	000|15	000|25	000|65	000|75
海星	7[3]补极,0,0,200	000|43	000|45	000|48	000|58	000|38	000|35	000|55	000|34	000|44	000|54	000|33	000|53
冰激凌	42[5]x,0,0,0,,狮子座,1
糖葫芦	7[3]补极	000|52	000|42	000|32
木盘子	7[1]
麦芽糖	7[1]独	061|49	091|69	151|39	331|39
瓜皮	15[2]
处女座	30[2]
布丁	7[3]补极	090|41
狮子座	35[3]
