人物1位置=73
魔塔层数=0
宝石波次=
卡槽数=7
铲子	0[0]独	050|14	177|44	184|22	191|32	198|52	205|62	212|25	219|65	236|11	243|71	250|12	257|72
小火炉	7[3]补独	002|12	012|72	019|11	026|71	033|54	040|64	047|74	054|52	061|62	068|25	075|35	082|55	089|65	096|22	103|32	110|24	117|34	124|00	131|00	138|00	145|00	152|00	159|00	166|00	173|00	180|00
海星	7[3]补极	000|47	000|43	000|42	000|46	000|45	000|27	000|37	000|56	000|66	000|57	000|67	000|26	000|36	000|44	000|21	000|31	000|51	000|61	000|48	000|17	000|77	000|22	000|32	000|52	000|62	000|25	000|65
糖葫芦	7[3]补极独	060|23	000|33	000|53	000|63	000|15	000|75	000|16	000|76
瓜皮	15[2]补极	030|47	000|27	000|37	000|57	000|67	000|17	000|77	000|48
布丁	7[3]补极独	080|41	000|11	000|71	000|12	000|72
木塞子	7[1]补极独	060|14	000|24	000|34	000|44	000|54	000|64	000|74	000|15	000|25	000|35	000|45	000|55	000|65	000|75	000|16	000|26	000|36	000|46	000|56	000|66	000|76	000|17	000|27	000|37	000|47	000|57	000|67	000|77	000|48	000|18	000|28	000|38	000|58	000|68	000|78	000|19	000|29	000|39	000|49	000|59	000|69	000|79
油灯	12[3]补极	000|14
