轨道版本号=v4.6
注释=
人物1位置=13
魔塔层数=0
退出时间=0
刷技能模式=0
优先队列=
卡槽数=8
宝石	120[0]
铲子	0[0]
咖啡粉	7[4]
小火炉	7[3]
冰激凌	60[5]独	125|46	185|24	605|46	665|24	725|24
木盘子	7[1]
麦芽糖	7[1]极	000|21	000|31	000|41	000|61	000|71	000|22	000|42	000|72	000|23	000|33	000|43	000|63	000|73	000|14	000|34	000|54	000|74	000|15	000|25	000|35	000|45	000|55	000|65	000|75	000|16	000|36	000|56	000|76	000|17	000|27	000|37	000|47	000|57	000|67	000|77	000|51	000|52	000|53	000|21	000|31	000|41	000|61	000|71	000|22	000|42	000|72	000|23	000|33	000|43	000|63	000|73	000|14	000|34	000|54	000|74	000|15	000|25	000|35	000|45	000|55	000|65	000|75	000|16	000|36	000|56	000|76	000|17	000|27	000|37	000|47	000|57	000|67	000|77	000|51	000|52	000|53	000|21	000|31	000|41	000|61	000|71	000|22	000|42	000|72	000|23	000|33	000|43	000|63	000|73	000|14	000|34	000|54	000|74	000|15	000|25	000|35	000|45	000|55	000|65	000|75	000|16	000|36	000|56	000|76	000|17	000|27	000|37	000|47	000|57	000|67	000|77	000|51	000|52	000|53	000|21	000|31	000|41	000|61	000|71	000|22	000|42	000|72	000|23	000|33	000|43	000|63	000|73	000|14	000|34	000|54	000|74	000|15	000|25	000|35	000|45	000|55	000|65	000|75	000|16	000|36	000|56	000|76	000|17	000|27	000|37	000|47	000|57	000|67	000|77	000|51	000|52	000|53
瓜皮	15[2]
布丁	7[3]
海盐粉	7[3]独	063|24	123|44	126|46	129|62	183|44	186|24	189|32	243|46	303|24	306|44	363|46	423|44	426|64	483|46	543|46	546|26	603|44	606|46	609|32	663|44	666|24	669|64	723|44	726|24	729|64	783|26	786|46
