轨道版本号=v4.6
注释=
人物1位置=23
人物2位置=63
魔塔层数=0
退出时间=0
刷技能模式=0
优先队列=海星,防风草,冰沙,防风草,海星
卡槽数=12
宝石	120[0]独
铲子	0[0]独	001|14	001|24	001|33	001|53
咖啡粉	8[4]独
小火炉	7[3]补极绝独	000|12	000|22	000|32	000|42	000|52	000|62	000|72	000|13	000|43	000|73	000|34	000|44	000|54	000|64	000|74
海星	7[3]补极独,0,0,225	000|47	000|77	000|17	000|27	000|37	000|57	000|67	000|16	000|26	000|46	000|66	000|76	000|15	000|45	000|75
冰沙	34[5]极独
糖葫芦	7[3]补极独,0,0,500	000|14	000|24
木盘子	7[1]独
麦芽糖	7[1]极绝独	000|33	000|53	000|36	000|56	000|12	000|22	000|32	000|42	000|52	000|62	000|72	000|13	000|43	000|73	000|17	000|27	000|37	000|47	000|57	000|67	000|77	000|16	000|26	000|46	000|66	000|76	000|11	000|21	000|31	000|41	000|51	000|61	000|71	000|14	000|24	000|34	000|44	000|54	000|64	000|74	000|15	000|25	000|35	000|45	000|55	000|65	000|75
瓜皮	15[2]补极独,0,0,300	000|17	000|27	000|37	000|47	000|57	000|67	000|77
处女座	30[2]补极独,0,0,750	000|17	000|27	000|37	000|47	000|57	000|67	000|77
多拿滋	7[3]补极独,0,0,400	000|21	000|31	000|51	000|61	000|25	000|35	000|55	000|65
布丁	7[3]补极独	000|11	000|41	000|71
防风草	7[3]补极	000|33	000|53	000|36	000|56
--第3波--
宝石	120[0]独
铲子	7[0]独	001|15	008|45	015|75	022|34	029|44	036|54	043|64	050|74
咖啡粉	8[4]独
小火炉	7[3]补极绝独	000|13	000|43	000|73	000|12	000|22	000|32	000|42	000|52	000|62	000|72
海星	7[3]补极独,0,0,225	000|17	000|27	000|37	000|47	000|57	000|67	000|77	000|16	000|26	000|46	000|66	000|76
冰沙	34[5]极独继
糖葫芦	7[3]补极独,0,0,500	000|14	000|24	000|34	000|44	000|54	000|64	000|74	000|15	000|45	000|75
木盘子	7[1]独
麦芽糖	7[1]补极绝独继
瓜皮	15[2]补极独继,0,0,300
处女座	30[2]补极独继,0,0,750
多拿滋	7[3]补极独继,0,0,400
布丁	7[3]补极独继
防风草	7[3]补极继
