轨道版本号=v4.6
注释=
人物1位置=74
魔塔层数=0
退出时间=0
刷技能模式=0
优先队列=
卡槽数=10
宝石	120[0]独
铲子	0[0]独
咖啡粉	7[4]独,0,0,500
小火炉	7[3]补独,0,0,130
冰激凌	34[5]x补独	088|00	122|00	156|00	190|00	224|00	258|00	292|00	326|00	360|00	394|00	428|00	462|00	496|00	530|00	564|00	598|00	632|00	666|00	700|00	734|00	768|00	802|00	836|00	870|00	904|00	938|00
木盘子	7[1]独
麦芽糖	7[1]极	000|16	000|26	000|36	000|46	000|56	000|66	000|76	000|13	000|23	000|33	000|43	000|53	000|63	000|73	000|21	000|31	000|51	000|61
瓜皮	15[2]补极绝独	000|17	000|27	000|37	000|47	000|57	000|67	000|77
布丁	7[3]补极独,0,0,500	000|21	000|31	000|51	000|61
辣椒粉	7[3]补极独	000|17	000|27	000|37	000|47	000|57	000|67	000|77
面粉袋	30[3]补极独	000|17	000|27	000|37	000|47	000|57	000|67	000|77
开水壶	17[3]补独	088|00	105|00	122|00	139|00	156|00	173|00	190|00	207|00	224|00	241|00	258|00	275|00	292|00	309|00	326|00	343|00	360|00	377|00	394|00	411|00	428|00	445|00	462|00	479|00	496|00	513|00	530|00	547|00	564|00	581|00	598|00	615|00	632|00	649|00	666|00	683|00	700|00	717|00	734|00	751|00	768|00	785|00	802|00	819|00	836|00	853|00	870|00	887|00	904|00	921|00	938|00
--第3波--
宝石	120[0]独
铲子	0[0]独
咖啡粉	7[4]独,0,0,500
小火炉	7[3]补独,0,0,130
冰激凌	34[5]x补独继
木盘子	7[1]独
麦芽糖	7[1]补极继
瓜皮	15[2]补极绝独继
布丁	7[3]补极独,0,0,500	000|12	000|72	000|11	000|71
辣椒粉	7[3]补极独继
面粉袋	30[3]补极独继
开水壶	17[3]补独继
