轨道版本号=v4.6
注释=
人物1位置=14
人物2位置=74
魔塔层数=0
退出时间=0
刷技能模式=0
优先队列=海星,海星,海星,糖葫芦
卡槽数=13
宝石	120[0]独
铲子	7[0]独
咖啡粉	8[4]独
小火炉	7[3]补极绝独	000|11	000|71	000|12	000|22	000|32	000|42	000|52	000|62	000|72	000|24	000|34	000|54	000|64
海星	7[3]补极独,0,0,225	000|46	000|26	000|66	000|36	000|56	000|16	000|76	000|25	000|35	000|45	000|55	000|65
冰沙	34[5]独	030|00	107|00	141|00	175|00	209|00	243|00	277|00	311|00	345|00	379|00	413|00	447|00	481|00	515|00	549|00	583|00	617|00	651|00	685|00	719|00	753|00	787|00	821|00	855|00	889|00	923|00	957|00
糖葫芦	7[3]补极独,0,0,500	000|23	000|33	000|53	000|63
木盘子	7[1]独
麦芽糖	7[1]补极绝独	000|11	000|71	000|12	000|22	000|32	000|42	000|52	000|62	000|72	000|25	000|35	000|45	000|55	000|65	000|24	000|34	000|44	000|54	000|64	000|17	000|27	000|37	000|47	000|57	000|67	000|77	000|18	000|28	000|38	000|48	000|58	000|68	000|78	000|19	000|29	000|39	000|59	000|69	000|79
瓜皮	15[2]补极独,0,0,300	040|17	000|27	000|37	000|47	000|57	000|67	000|77
处女座	30[2]补极独,0,0,750	040|17	000|27	000|37	000|47	000|57	000|67	000|77
多拿滋	7[3]补极独,0,0,400	040|43	000|13	000|73	000|44
辣椒粉	30[3]补极绝独,0,0,35	000|17	000|27	000|37	000|47	000|57	000|67	000|77
面粉袋	30[3]补极绝独,0,0,75	000|17	000|27	000|37	000|47	000|57	000|67	000|77
开水壶	17[3]
--第3波--
宝石	120[0]独
铲子	0[0]独	001|33	001|53	001|11	001|21	008|71	008|31	015|12	015|51	022|72	022|61	029|22	029|32	036|42	036|52	043|62
咖啡粉	8[4]独
小火炉	7[3]补极独	000|33	000|53	000|24	000|34	000|54	000|64
海星	7[3]补极独,0,0,225	000|46	000|26	000|66	000|36	000|56	000|16	000|76	000|25	000|35	000|45	000|55	000|65	000|22	000|32	000|42	000|52	000|62	000|21	000|31	000|51	000|61
冰沙	34[5]独继
糖葫芦	7[3]补极独,0,0,500	000|23	000|63
木盘子	7[1]独
麦芽糖	7[1]补极独继
瓜皮	15[2]补极独继,0,0,300
处女座	30[2]补极独继,0,0,750
多拿滋	7[3]补极独继,0,0,400
辣椒粉	30[3]补极独继,0,0,35
面粉袋	30[3]补极独继,0,0,75
开水壶	17[3]
--第4波--
宝石	120[0]独
铲子	0[0]极独	000|13	000|33	000|43	000|53	000|73	000|24	000|34	000|44	000|54	000|64
咖啡粉	8[4]独
小火炉	7[3]补独
海星	7[3]补极独,0,0,225	000|22	000|32	000|42	000|52	000|62	000|21	000|31	000|51	000|61	000|43	000|44
冰沙	34[5]独继
糖葫芦	7[3]补独,0,0,500
木盘子	7[1]独
麦芽糖	7[1]补极独继
瓜皮	15[2]补极独继,0,0,300
处女座	30[2]补极独继,0,0,750
多拿滋	7[3]补独,0,0,400
辣椒粉	30[3]补极独继,0,0,35
面粉袋	30[3]补极独继,0,0,75
开水壶	17[3]
--第4.1波--
宝石	120[0]独
铲子	0[0]极独	000|25	000|35	000|45	000|55	000|65	000|16	000|26	000|36	000|46	000|56	000|66	000|76	000|23	000|63
咖啡粉	8[4]独
小火炉	7[3]补独
海星	7[3]补极独继,0,0,225
冰沙	34[5]独继
糖葫芦	7[3]补独,0,0,500
木盘子	7[1]独
麦芽糖	7[1]补极独继
瓜皮	15[2]补极独继,0,0,300
处女座	30[2]补极独继,0,0,750
多拿滋	7[3]补极独继,0,0,400
辣椒粉	30[3]补极独继,0,0,35
面粉袋	30[3]补极独继,0,0,75
开水壶	17[3]
