轨道版本号=v4.21
注释=
人物1位置=11
人物2位置=71
魔塔层数=0
退出时间=0
卡槽数=13
宝石	120[0]
铲子	0[0]
小火炉	7[3]补	002|21	009|31	016|41	023|51	030|61	037|12	044|22	051|32	058|42	065|52	072|62	079|72	086|13	093|73	100|14	107|74
海星	7[3]	002|78	009|58	016|38	023|18	030|68	037|48	046|28	053|17	060|27	067|47	074|67	081|77	088|16	095|26	102|36	109|46	116|56	123|66	130|76	137|15	144|25	151|35	158|45	165|55	172|65	179|75	186|24	193|34	200|44	207|54	214|64
冰激凌	42[5]	002|37
糖葫芦	7[3]	002|23	009|43	069|63	083|33	091|53
木盘子	7[1]
棉花糖	5[1]
瓜皮	15[2]
处女座	30[2]
开水壶	29[3]
油灯	12[3]
狮子座	35[3]	002|37	006|57
布丁	7[3]
咖啡粉	7[4]
