轨道版本号=v4.6
注释=
人物1位置=52
人物2位置=72
魔塔层数=0
退出时间=0
刷技能模式=0
优先队列=
卡槽数=11
宝石	120[0]
铲子	0[0]
咖啡粉	7[4]
小火炉	7[3]补极	000|41	000|51	000|61	000|71	000|42	000|62	000|43	000|53	000|63	000|73	000|44	000|54	000|64	000|74	000|65	000|75	000|47	000|67	000|77	000|26	000|36	000|27
海星	7[3]补极	000|78	000|58	000|38	000|18	000|68	000|48	000|28	000|21	000|17	000|16	000|15	000|25	000|35	000|14	000|13	000|12	000|24	000|34	000|23	000|33	000|32	000|76	000|66	000|56	000|46
冰激凌	42[5]极,0,0,0,,狮子座,1	000|57	000|78	000|78	000|78	000|78	000|78
糖葫芦	7[3]补极,0,0,500	030|45	000|55
木盘子	7[1]
麦芽糖	7[1]
瓜皮	15[2]
处女座	30[2]
布丁	7[3]补极	090|11	000|31	000|22
狮子座	35[3]补极	000|57	000|37
--第3波--
宝石	120[0]
铲子	0[0]
咖啡粉	7[4]
小火炉	7[3]补极继
海星	7[3]补极	000|15	000|14	000|13	000|12	000|35	000|34	000|33	000|32	000|25	000|24	000|23	000|76	000|66	000|56	000|46
冰激凌	42[5]极继,0,0,0,,狮子座,1
糖葫芦	7[3]补极继,0,0,500
木盘子	7[1]
麦芽糖	7[1]
瓜皮	15[2]
处女座	30[2]
布丁	7[3]补极	090|11	000|22	000|31
狮子座	35[3]补极继
