轨道版本号=v4.0
注释=
人物1位置=11
人物2位置=71
魔塔层数=0
退出时间=0
卡槽数=13
宝石	120[0]
铲子	0[0]
小火炉	7[3]补	002|12	012|22	019|62	026|72	033|13	040|23	047|33	054|43	061|53	068|63	075|73	082|21	089|41	096|61	103|14	110|24	117|34	124|44	131|54	138|64	145|74
海星	7[3]	020|78	032|58	045|38	058|18	065|68	072|48	079|28	086|17	093|27	100|37	107|47	114|57	121|67	128|77
冰激凌	42[5]x
糖葫芦	7[3]	039|15	053|25	070|35	080|45	087|55	095|65	102|75
木盘子	7[1]
棉花糖	5[1]
狮子座	35[3]
瓜皮	15[2]
处女座	30[2]
油灯	12[3]	021|31	044|51
布丁	7[3]
换气扇	7[3]补	138|16	145|26	152|36	159|46	166|56	173|66	180|76
咖啡粉	7[3]
