轨道版本号=v4.0
注释=
人物1位置=33
人物2位置=53
魔塔层数=0
退出时间=0
卡槽数=13
宝石	120[0]
铲子	7[0]
小火炉	7[3]
海星	7[3]	039|26	059|66	073|41	118|78	125|28	132|58	139|38	146|18	153|68	160|48	167|17	174|37	181|47	188|57	195|77	202|16	209|36	216|46	223|56	230|76	237|15	244|25	251|35	258|45	265|55	272|65	279|75
冰激凌	42[5]独	095|27
糖葫芦	7[3]	156|34	182|44	198|54
木盘子	7[1]补	002|38	009|48	016|58	023|37	030|47	037|57	044|43	051|34	058|44	065|54	072|36	079|46	086|56	093|35	100|45	107|55	114|00	121|00
棉花糖	5[1]
狮子座	35[3]独	089|27	110|67
瓜皮	15[2]
处女座	30[2]
油灯	12[3]
换气扇	7[3]
酒杯灯	7[3]补极	000|11	000|21	000|31	000|51	000|61	000|71	000|12	000|22	000|32	000|42	000|52	000|62	000|72	000|13	000|23	000|43	000|63	000|73	000|14	000|24	000|64	000|74
咖啡粉	7[3]
--第6波--
宝石	120[0]
铲子	7[0]	002|13	009|23	016|43	023|63	030|73	037|14	044|24	051|64	058|74
小火炉	7[3]
海星	7[3]继
冰激凌	42[5]
糖葫芦	7[3]	004|34	011|44	018|54	025|13	032|23	039|63	046|73	053|14	060|24	067|64	074|74
木盘子	7[1]
棉花糖	5[1]
狮子座	35[3]
瓜皮	15[2]
处女座	30[2]
油灯	12[3]
换气扇	7[3]
酒杯灯	7[3]
咖啡粉	7[3]
