轨道版本号=v4.5
注释=
人物1位置=72
魔塔层数=0
退出时间=0
刷技能模式=0
卡槽数=13
宝石	120[0]
铲子	0[0]
咖啡粉	7[4]
小火炉	7[3]
海星	7[3]
冰激凌	42[5]
换气扇	7[3]
木盘子	7[1]
棉花糖	6[1]独	061|11	067|21	073|31	079|41	085|51	091|61	097|71	103|12	109|22	115|32	121|42	127|52	133|62	139|72	145|11	151|21	157|31	163|41	169|51	175|61	181|71	187|12	193|22	199|32	205|42	211|52	217|62	223|72	229|11	235|21	241|31	247|41	253|51	259|61	265|71	271|12	277|22	283|32	289|42	295|52	301|62	307|72	313|11	319|21	325|31	331|41	337|51	343|61	349|71	355|12	361|22	367|32	373|42	379|52	385|62	391|72	397|11	403|21	409|31	415|41	421|51	427|61	433|71	439|12	445|22	451|32	457|42	463|52	469|62	475|72	481|11	487|21	493|31	499|41	505|51	511|61	517|71	523|12	529|22	535|32	541|42	547|52	553|62	559|72	565|11	571|21	577|31	583|41	589|51	595|61	601|71	607|12	613|22	619|32	625|42	631|52	637|62	643|72	649|11	655|21	661|31	667|41	673|51	679|61	685|71	691|12	697|22	703|32	709|42	715|52	721|62	727|72	733|11	739|21	745|31	751|41	757|51	763|61	769|71	775|12	781|22	787|32	793|42	799|52	805|62	811|72	817|00	823|00	829|00	835|00	841|00	847|00	853|00	859|00	865|00	871|00	877|00	883|00	889|00	895|00	901|00	907|00	913|00	919|00	925|00	931|00	937|00	943|00	949|00	955|00
瓜皮	15[2]
处女座	30[2]
油灯	12[3]
狮子座	35[3]
可乐	30[3]补独	050|69	080|29	110|59	140|39	170|49	200|00	230|00	260|00	290|00	320|00	350|00	380|00	410|00	440|00	470|00	500|00	530|00	560|00	590|00	620|00	650|00	680|00	710|00	740|00	770|00	800|00	830|00	860|00	890|00	920|00	950|00
开水壶	30[3]补独	035|39	065|29	095|59	125|69	155|49	185|00	215|00	245|00	275|00	305|00	335|00	365|00	395|00	425|00	455|00	485|00	515|00	545|00	575|00	605|00	635|00	665|00	695|00	725|00	755|00	785|00	815|00	845|00	875|00	905|00	935|00
--第3波--
宝石	120[0]
铲子	0[0]
咖啡粉	7[4]
小火炉	7[3]
海星	7[3]
冰激凌	42[5]独	007|48
换气扇	7[3]
木盘子	7[1]
棉花糖	5[1]继
瓜皮	15[2]
处女座	30[2]
油灯	12[3]
狮子座	35[3]
可乐	29[3]
开水壶	29[3]
