轨道版本号=v4.6
注释=
人物1位置=22
人物2位置=62
魔塔层数=0
退出时间=0
刷技能模式=0
优先队列=海星,瓜皮,海星,防风草,冰激凌,防风草,海星,海星,狮子座,冰激凌,狮子座
卡槽数=12
宝石	120[0]
铲子	0[0]
咖啡粉	7[4]
小火炉	7[3]补极绝	000|31	000|51	000|32	000|42	000|52	000|33	000|43	000|53	000|34	000|44	000|54	000|45	000|46	000|15	000|25	000|65	000|75
海星	7[3]补极,0,0,200	000|26	000|39	000|76	000|41	000|59	000|49	000|78	000|28	000|18	000|68	000|16	000|66	000|14	000|24	000|64	000|74	000|13	000|23	000|63	000|73	000|19	000|29	000|69	000|79
冰激凌	42[5]极	000|17	000|36	000|17	000|17
糖葫芦	7[3]补极	112|35	120|55
木盘子	7[1]
麦芽糖	7[1]
瓜皮	15[2]补极	000|39	000|59	000|49	000|19	000|29	000|69	000|79
处女座	30[2]补极	000|39	000|59	000|49	000|19	000|29	000|69	000|79
防风草	50[3]补极	000|17	000|77	000|12	000|72
狮子座	35[3]补极	000|36	000|56	000|27	000|67
布丁	7[3]补极	145|11	152|21	159|61	166|71
