轨道版本号=v4.6
注释=
人物1位置=23
人物2位置=63
魔塔层数=0
退出时间=0
刷技能模式=0
优先队列=海星,防风草,冰沙,防风草,海星,狮子座,冰沙,狮子座,瓜皮
卡槽数=13
宝石	120[0]
铲子	0[0]
咖啡粉	7[4]
小火炉	7[3]补极绝	000|22	000|32	000|52	000|62	000|72	000|13	000|73	000|14	000|74	000|33	000|53	000|24	000|34	000|54	000|64	000|25	000|35	000|55	000|65
海星	7[3]补极,0,0,200	000|46	000|48	000|49	000|39	000|59	000|29	000|69	000|18	000|78	000|28	000|68	000|38	000|58	000|17	000|77	000|16	000|76	000|36	000|56	000|26	000|66	000|15	000|45	000|75	000|44	000|42
冰沙	33[5]极
糖葫芦	7[3]
木盘子	7[1]补极绝	000|46	000|48	000|47	000|49	000|37	000|57	000|41	000|42	000|33	000|43	000|53	000|39	000|59	000|29	000|69	000|28	000|38	000|58	000|68	000|27	000|67	000|24	000|34	000|44	000|54	000|64	000|25	000|35	000|45	000|55	000|65	000|26	000|36	000|56	000|66
麦芽糖	7[1]
瓜皮	15[2]补极	000|49	000|39	000|59	000|29	000|69	000|18	000|78
处女座	30[2]x补极	000|49	000|39	000|59	000|29	000|69	000|18	000|78
布丁	7[3]补极	000|41	000|11	000|21	000|31	000|51	000|61	000|71
狮子座	35[3]补极	000|37	000|57	000|27	000|67
防风草	50[3]补极	000|43	000|47
吹风机	7[3]补极绝	000|12
