轨道版本号=v4.6
注释=
人物1位置=73
魔塔层数=0
退出时间=0
刷技能模式=0
优先队列=
卡槽数=10
宝石	120[0]
铲子	0[0]
咖啡粉	7[4]
小火炉	7[3]
冰激凌	34[5]补独
木盘子	7[1]
麦芽糖	7[1]独
瓜皮	15[2]补极,0,0,475	000|35	000|54	000|67	000|57	000|47	000|37	000|27	000|75	000|65	000|55	000|45	000|25	000|15	000|73	000|63	000|53	000|43	000|33	000|23	000|13	000|72	000|62	000|52	000|42	000|32	000|22	000|12	000|71	000|61	000|51	000|41	000|31	000|21	000|11	000|64	000|44	000|34	000|24	000|66	000|56	000|46	000|36	000|26	000|48
布丁	7[3]
面粉袋	30[3]
油灯	12[3]
开水壶	17[3]补独
--第0.5波--
宝石	120[0]
铲子	0[0]
咖啡粉	7[4]
小火炉	7[3]
冰激凌	34[5]补独	009|47	043|00	077|00	111|00	145|00	179|00	213|00	247|00	281|00	315|00	349|00	383|00	417|00	451|00	485|00	519|00	553|00	587|00	621|00	655|00	689|00	723|00	757|00	791|00	825|00	859|00	893|00	927|00
木盘子	7[1]
麦芽糖	7[1]独
瓜皮	15[2]补极继,0,0,475
布丁	7[3]
面粉袋	30[3]
油灯	12[3]
开水壶	17[3]补独	009|47	026|00	043|00	060|00	077|00	094|00	111|00	128|00	145|00	162|00	179|00	196|00	213|00	230|00	247|00	264|00	281|00	298|00	315|00	332|00	349|00	366|00	383|00	400|00	417|00	434|00	451|00	468|00	485|00	502|00	519|00	536|00	553|00	570|00	587|00	604|00	621|00	638|00	655|00	672|00	689|00	706|00	723|00	740|00	757|00	774|00	791|00	808|00	825|00	842|00	859|00	876|00	893|00	910|00	927|00	944|00
--第3.4波--
宝石	120[0]继
铲子	0[0]继
咖啡粉	7[4]
小火炉	7[3]继
冰激凌	42[5]独继
木盘子	7[1]继
麦芽糖	7[1]
瓜皮	15[2]继
布丁	7[3]补极	003|11	000|21	000|31	000|41	000|51	000|61	000|71
面粉袋	30[3]继
油灯	12[3]
开水壶	29[3]继
--第4波--
宝石	120[0]继
铲子	0[0]继
咖啡粉	7[4]
小火炉	7[3]继
冰激凌	42[5]独继
木盘子	7[1]继
麦芽糖	7[1]
瓜皮	15[2]补极	000|36	000|48	000|27	000|37	000|47	000|57	000|67	000|16	000|26	000|46	000|56	000|66	000|76
布丁	7[3]极继
面粉袋	30[3]继
油灯	12[3]
开水壶	29[3]继
