轨道版本号=v4.6
注释=
人物1位置=52
人物2位置=32
魔塔层数=0
退出时间=0
刷技能模式=0
优先队列=防风草,海星,吹风机,冰沙,海星,防风草,吹风机,海星,冰沙,防风草,狮子座,海星
卡槽数=13
宝石	120[0]
铲子	0[0]独
多拿滋	7[3]补极
小火炉	7[3]补极绝独	000|31	000|51	000|61	000|71	000|42	000|62	000|72	000|73	000|64	000|74	000|65	000|75	000|34	000|21	000|14	000|24	000|25	000|16	000|26	000|11	000|12	000|22	000|13
海星	7[3]补极独	000|63	000|66	000|57	000|47	000|41	000|77	000|27	000|38	000|28	000|48	000|15	000|36	000|76	000|58	000|68
冰沙	33[5]极独,0,0,200
糖葫芦	7[3]补极独,0,0,450	000|54	000|23
木盘子	7[1]
麦芽糖	7[1]
瓜皮	15[2]补极独,0,0,325	000|37	000|56	000|28	000|38	000|48	000|58	000|17	000|27	000|47	000|57	000|67	000|77	000|18	000|78	000|16	000|26	000|66	000|76	000|15	000|25	000|65	000|75	000|14	000|24	000|64	000|74	000|13	000|23	000|33	000|43	000|53	000|63	000|73	000|12	000|22	000|32	000|42	000|52	000|62	000|72	000|11	000|21	000|31	000|41	000|51	000|61	000|71	000|68	000|36	000|54
处女座	30[2]补极独,0,0,775	000|37	000|66	000|28	000|38	000|48	000|58	000|17	000|27	000|56	000|47	000|57	000|67	000|77	000|18	000|78	000|16	000|26	000|76	000|15	000|25	000|65	000|75	000|14	000|24	000|64	000|74	000|13	000|23	000|33	000|43	000|53	000|63	000|73	000|12	000|22	000|32	000|42	000|52	000|62	000|72	000|11	000|21	000|31	000|41	000|51	000|61	000|71	000|68	000|36	000|34	000|54
布丁	7[3]
狮子座	35[3]补极,0,0,525	000|67	000|17
防风草	10[3]补极独,0,0,150	000|53	000|56	000|37	000|33
吹风机	7[3]补极,0,0,100	000|43	000|18	000|78	000|29	000|39	000|49	000|59	000|69
--第1波--
宝石	120[0]
铲子	0[0]独	001|11	001|12	008|71	008|72	015|22	015|13	022|62	022|73
多拿滋	7[3]补极	000|12	000|72	000|13	000|73
小火炉	7[3]补极绝独	000|21	000|31	000|51	000|61	000|42	000|64	000|74	000|65	000|75	000|34	000|14	000|24	000|25	000|16	000|26
海星	7[3]补极独	000|63	000|66	000|57	000|47	000|41	000|77	000|27	000|38	000|28	000|48	000|15	000|36	000|76	000|58	000|68
冰沙	33[5]极独继,0,0,200
糖葫芦	7[3]补极独继,0,0,450
木盘子	7[1]
麦芽糖	7[1]
瓜皮	15[2]补极独继,0,0,325
处女座	30[2]补极独继,0,0,775
布丁	7[3]补极	000|11	000|71	000|22	000|62
狮子座	35[3]补极继,0,0,525
防风草	10[3]补极独继,0,0,150
吹风机	7[3]补极继
--第2波--
宝石	120[0]
铲子	7[0]独	001|14	008|26
多拿滋	7[3]补极继
小火炉	7[3]补极绝独	000|21	000|31	000|51	000|61	000|42	000|64	000|74	000|65	000|75	000|34	000|24	000|25	000|16
海星	7[3]补极独	000|63	000|66	000|57	000|47	000|41	000|77	000|27	000|38	000|28	000|48	000|15	000|36	000|76	000|58	000|68	000|14	000|26
冰沙	33[5]极独继,0,0,200
糖葫芦	7[3]补极独继,0,0,450
木盘子	7[1]
麦芽糖	7[1]
瓜皮	15[2]补极独继,0,0,325
处女座	30[2]补极独继,0,0,775
布丁	7[3]补极继
狮子座	35[3]补极继,0,0,525
防风草	10[3]补极独继,0,0,150
吹风机	7[3]补极继
--第5波--
宝石	120[0]
铲子	7[0]	001|25	008|65	015|75	022|13	029|73	036|12	043|72
多拿滋	7[3]补
小火炉	7[3]补极绝独	000|21	000|31	000|51	000|61	000|42	000|64	000|74	000|34	000|24	000|16
海星	7[3]补极独	000|63	000|66	000|57	000|47	000|41	000|77	000|27	000|38	000|28	000|48	000|15	000|25	000|36	000|76	000|58	000|68	000|14	000|26	000|65	000|75	000|13	000|73	000|12	000|72
冰沙	33[5]极独继,0,0,200
糖葫芦	7[3]补极独继,0,0,450
木盘子	7[1]
麦芽糖	7[1]
瓜皮	15[2]补极继,0,0,325
处女座	30[2]补极独继,0,0,775
布丁	7[3]极继
狮子座	35[3]补极继,0,0,525
防风草	10[3]补极独继,0,0,150
吹风机	7[3]补极继
--第7波--
宝石	120[0]
铲子	7[0]	001|21	008|31	015|51	022|61
多拿滋	7[3]补
小火炉	7[3]补极绝独	000|42	000|64	000|74	000|34	000|24	000|16	000|12	000|72	000|13	000|63	000|73
海星	7[3]补极独	000|47	000|48	000|38	000|58	000|28	000|68	000|77	000|41	000|21	000|31	000|51	000|61	000|27	000|57	000|66	000|15	000|25	000|36	000|76	000|14	000|26	000|65	000|75	000|13	000|73	000|12	000|72	000|63
冰沙	33[5]极独继,0,0,200
糖葫芦	7[3]补极独继,0,0,450
木盘子	7[1]
麦芽糖	7[1]
瓜皮	15[2]补极继,0,0,325
处女座	30[2]补极独继,0,0,775
布丁	7[3]极继
狮子座	35[3]补极继,0,0,525
防风草	10[3]补极独继,0,0,150
吹风机	7[3]补极继
