轨道版本号=v4.6
注释=
人物1位置=63
魔塔层数=0
退出时间=0
刷技能模式=0
优先队列=
卡槽数=10
宝石	120[0]
铲子	0[0]独	021|71
咖啡粉	17[4]补独,0,0,0,,,0,,0,,,开水壶	102|47	119|00	136|00	153|00	170|00	187|00	204|00	221|00	238|00	255|00	272|00	289|00	306|00	323|00	340|00	357|00	374|00	391|00	408|00	425|00	442|00	459|00	476|00	493|00	510|00	527|00	544|00	561|00	578|00	595|00	612|00	629|00	646|00	663|00	680|00	697|00	714|00	731|00	748|00	765|00	782|00	799|00	816|00	833|00	850|00	867|00	884|00	901|00	918|00	935|00	952|00
小火炉	7[3]
冰激凌	34[5]补独	101|47	135|00	169|00	203|00	237|00	271|00	305|00	339|00	373|00	407|00	441|00	475|00	509|00	543|00	577|00	611|00	645|00	679|00	713|00	747|00	781|00	815|00	849|00	883|00	917|00	951|00
木盘子	7[1]
麦芽糖	7[1]
瓜皮	15[2]补极,0,0,650	000|17	000|77	000|18	000|28	000|68	000|78	000|48	000|37	000|47	000|57
布丁	8[3]补	045|13	053|73	061|00	069|00	077|00	085|00	093|00	101|00	109|00	117|00	125|00	133|00	141|00	149|00	157|00	165|00	173|00	181|00	189|00	197|00	205|00	213|00	221|00	229|00	237|00	245|00	253|00	261|00	269|00	277|00	285|00	293|00	301|00	309|00	317|00	325|00	333|00	341|00	349|00	357|00	365|00	373|00	381|00	389|00	397|00	405|00	413|00	421|00	429|00	437|00	445|00	453|00	461|00	469|00	477|00	485|00	493|00	501|00	509|00	517|00	525|00	533|00	541|00	549|00	557|00	565|00	573|00	581|00	589|00	597|00	605|00	613|00	621|00	629|00	637|00	645|00	653|00	661|00	669|00	677|00	685|00	693|00	701|00	709|00	717|00	725|00	733|00	741|00	749|00	757|00	765|00	773|00	781|00	789|00	797|00	805|00	813|00	821|00	829|00	837|00	845|00	853|00	861|00	869|00	877|00	885|00	893|00	901|00	909|00	917|00	925|00	933|00	941|00	949|00	957|00
吹风机	60[3]补独	020|71	080|72	140|79	200|19	260|00	320|00	380|00	440|00	500|00	560|00	620|00	680|00	740|00	800|00	860|00	920|00
换气扇	8[3]补独	023|72	031|00	039|00	047|00	055|00	063|00	071|00	079|00	087|00	095|00	103|00	111|00	119|00	127|00	135|00	143|00	151|00	159|00	167|00	175|00	183|00	191|00	199|00	207|00	215|00	223|00	231|00	239|00	247|00	255|00	263|00	271|00	279|00	287|00	295|00	303|00	311|00	319|00	327|00	335|00	343|00	351|00	359|00	367|00	375|00	383|00	391|00	399|00	407|00	415|00	423|00	431|00	439|00	447|00	455|00	463|00	471|00	479|00	487|00	495|00	503|00	511|00	519|00	527|00	535|00	543|00	551|00	559|00	567|00	575|00	583|00	591|00	599|00	607|00	615|00	623|00	631|00	639|00	647|00	655|00	663|00	671|00	679|00	687|00	695|00	703|00	711|00	719|00	727|00	735|00	743|00	751|00	759|00	767|00	775|00	783|00	791|00	799|00	807|00	815|00	823|00	831|00	839|00	847|00	855|00	863|00	871|00	879|00	887|00	895|00	903|00	911|00	919|00	927|00	935|00	943|00	951|00	959|00
开水壶	17[3]补独,0,0,525	102|47	119|00	136|00	153|00	170|00	187|00	204|00	221|00	238|00	255|00	272|00	289|00	306|00	323|00	340|00	357|00	374|00	391|00	408|00	425|00	442|00	459|00	476|00	493|00	510|00	527|00	544|00	561|00	578|00	595|00	612|00	629|00	646|00	663|00	680|00	697|00	714|00	731|00	748|00	765|00	782|00	799|00	816|00	833|00	850|00	867|00	884|00	901|00	918|00	935|00	952|00
--第4波--
宝石	120[0]
铲子	0[0]
咖啡粉	7[4]继
小火炉	7[3]
冰激凌	42[5]继
木盘子	7[1]
麦芽糖	7[1]
瓜皮	15[2]继
布丁	8[3]
吹风机	60[3]继
换气扇	8[3]
开水壶	29[3]继
