轨道版本号=v4.6
注释=
人物1位置=23
人物2位置=63
魔塔层数=0
退出时间=0
刷技能模式=0
优先队列=
卡槽数=13
宝石	120[0]
铲子	0[0]
咖啡粉	17[4]补独	094|47	111|00	128|00	145|00	162|00	179|00	196|00	213|00	230|00	247|00	264|00	281|00	298|00	315|00	332|00	349|00	366|00	383|00	400|00	417|00	434|00	451|00	468|00	485|00	502|00	519|00	536|00	553|00	570|00	587|00	604|00	621|00	638|00	655|00	672|00	689|00	706|00	723|00	740|00	757|00	774|00	791|00	808|00	825|00	842|00	859|00	876|00	893|00	910|00	927|00	944|00
小火炉	7[3]补极独	000|11	000|21	000|31	000|51	000|61	000|12	000|24	000|64	000|25	000|35	000|45	000|55	000|65	000|26	000|36	000|56	000|66	000|48
海星	7[3]补极独,0,0,200	000|14	000|41	000|74	000|16	000|76	000|46	000|17	000|77	000|28	000|78	000|18	000|68	000|15	000|75
冰沙	34[5]独	090|00	124|00	158|00	192|00	226|00	260|00	294|00	328|00	362|00	396|00	430|00	464|00	498|00	532|00	566|00	600|00	634|00	668|00	702|00	736|00	770|00	804|00	838|00	872|00	906|00	940|00
糖葫芦	7[3]补极独,0,0,500	073|22	000|62	000|34	000|44	000|54
木盘子	7[1]
麦芽糖	7[1]极	000|13	000|23	000|33	000|43	000|53	000|63	000|73	000|16	000|26	000|36	000|46	000|56	000|66	000|76	000|19	000|29	000|39	000|49	000|59	000|69	000|79	000|13	000|23	000|33	000|43	000|53	000|63	000|73	000|16	000|26	000|36	000|46	000|56	000|66	000|76	000|19	000|29	000|39	000|49	000|59	000|69	000|79	000|13	000|23	000|33	000|43	000|53	000|63	000|73	000|16	000|26	000|36	000|46	000|56	000|66	000|76	000|19	000|29	000|39	000|49	000|59	000|69	000|79	000|13	000|23	000|33	000|43	000|53	000|63	000|73	000|16	000|26	000|36	000|46	000|56	000|66	000|76	000|19	000|29	000|39	000|49	000|59	000|69	000|79	000|13	000|23	000|33	000|43	000|53	000|63	000|73	000|16	000|26	000|36	000|46	000|56	000|66	000|76	000|19	000|29	000|39	000|49	000|59	000|69	000|79	000|13	000|23	000|33	000|43	000|53	000|63	000|73	000|16	000|26	000|36	000|46	000|56	000|66	000|76	000|19	000|29	000|39	000|49	000|59	000|69	000|79	000|13	000|23	000|33	000|43	000|53	000|63	000|73	000|16	000|26	000|36	000|46	000|56	000|66	000|76	000|19	000|29	000|39	000|49	000|59	000|69	000|79	000|13	000|23	000|33	000|43	000|53	000|63	000|73	000|16	000|26	000|36	000|46	000|56	000|66	000|76	000|19	000|29	000|39	000|49	000|59	000|69	000|79
瓜皮	15[2]补极独	121|17	000|77	000|18	000|28	000|68	000|78	000|48	000|37	000|57	000|47
处女座	30[2]独
多拿滋	7[3]补极独	122|32	000|42	000|52	000|33	000|43	000|53
狮子座	35[3]补极,0,0,1000	000|37	000|57
吹风机	60[3]补独	050|71	110|72	170|79	230|19	290|00	350|00	410|00	470|00	530|00	590|00	650|00	710|00	770|00	830|00	890|00	950|00
开水壶	17[3]补独	094|47	111|00	128|00	145|00	162|00	179|00	196|00	213|00	230|00	247|00	264|00	281|00	298|00	315|00	332|00	349|00	366|00	383|00	400|00	417|00	434|00	451|00	468|00	485|00	502|00	519|00	536|00	553|00	570|00	587|00	604|00	621|00	638|00	655|00	672|00	689|00	706|00	723|00	740|00	757|00	774|00	791|00	808|00	825|00	842|00	859|00	876|00	893|00	910|00	927|00	944|00
--第4波--
宝石	120[0]
铲子	0[0]独	002|15	002|75	002|11	009|21	016|31	023|51	030|61	037|12	044|24	051|64	058|13	065|73	072|33	079|43	086|53
咖啡粉	7[4]继
小火炉	7[3]补极	000|15	000|25	000|35	000|45	000|55	000|65	000|75	000|26	000|36	000|56	000|66	000|37	000|48	000|57
海星	7[3]补极	000|14	000|41	000|74	000|16	000|76	000|46	000|17	000|77	000|28	000|78	000|18	000|68
冰沙	33[5]继
糖葫芦	7[3]补极	003|22	000|62	000|34	000|44	000|54	000|11	000|21	000|31	000|51	000|61	000|12	000|72	000|24	000|64	000|13	000|73	000|33	000|43	000|53
木盘子	7[1]继
麦芽糖	7[1]极继
瓜皮	15[2]补
处女座	30[2]补
多拿滋	7[3]补
狮子座	35[3]
吹风机	60[3]补继
开水壶	30[3]继
