轨道版本号=v4.9.4
注释=
人物1位置=43
人物2位置=53
魔塔层数=0
退出时间=0
刷技能模式=0
优先队列=防风草,海星,海星,防风草
卡槽数=13
宝石	120[0]
铲子	0[0]
咖啡粉	7[4]
小火炉	7[3]补极绝独	000|21	000|41	000|42	000|32	000|22	000|12	000|33	000|34	000|44	000|52	000|51	000|62	000|61	000|72	000|71	000|54	000|64	000|46
海星	7[3]补极独,0,0,200	000|14	000|31	000|74	000|45	000|15	000|75	000|76	000|16	000|27	000|77	000|17	000|48	000|78	000|28	000|68	000|18
冰沙	33[5]独	102|00
糖葫芦	7[3]补极	126|11	000|24	000|35	000|55
木盘子	7[1]
麦芽糖	7[1]极独	000|13	000|23	000|33	000|63	000|73	000|16	000|26	000|46	000|66	000|76	000|13	000|23	000|33	000|63	000|73	000|16	000|26	000|46	000|66	000|76	000|13	000|23	000|33	000|63	000|73	000|16	000|26	000|46	000|66	000|76	000|13	000|23	000|33	000|63	000|73	000|16	000|26	000|46	000|66	000|76	000|13	000|23	000|33	000|63	000|73	000|16	000|26	000|46	000|66	000|76	000|13	000|23	000|33	000|63	000|73	000|16	000|26	000|46	000|66	000|76	000|13	000|23	000|33	000|63	000|73	000|16	000|26	000|46	000|66	000|76	000|13	000|23	000|33	000|63	000|73	000|16	000|26	000|46	000|66	000|76	000|13	000|23	000|33	000|63	000|73	000|16	000|26	000|46	000|66	000|76	000|13	000|23	000|33	000|63	000|73	000|16	000|26	000|46	000|66	000|76	000|13	000|23	000|33	000|63	000|73	000|16	000|26	000|46	000|66	000|76	000|13	000|23	000|33	000|63	000|73	000|16	000|26	000|46	000|66	000|76	000|13	000|23	000|33	000|63	000|73	000|16	000|26	000|46	000|66	000|76	000|13	000|23	000|33	000|63	000|73	000|16	000|26	000|46	000|66	000|76	000|13	000|23	000|33	000|63	000|73	000|16	000|26	000|46	000|66	000|76	000|13	000|23	000|33	000|63	000|73	000|16	000|26	000|46	000|66	000|76	000|13	000|23	000|33	000|63	000|73	000|16	000|26	000|46	000|66	000|76	000|13	000|23	000|33	000|63	000|73	000|16	000|26	000|46	000|66	000|76	000|13	000|23	000|33	000|63	000|73	000|16	000|26	000|46	000|66	000|76	000|13	000|23	000|33	000|63	000|73	000|16	000|26	000|46	000|66	000|76
瓜皮	15[2]补极独	102|27	000|67	000|37	000|57	000|48	000|77	000|17	000|78	000|28	000|68	000|18
处女座	30[2]补极独	106|27	000|67	000|37	000|57	000|48	000|77	000|17	000|78	000|28	000|68	000|18
多拿滋	7[3]
狮子座	35[3]补极独	121|67	000|37	000|57
防风草	50[3]补极独	000|23	000|63	000|26	000|66
开水壶	30[3]
--第1波--
宝石	120[0]
铲子	0[0]	002|14	002|75	002|41	009|32	016|51	023|42	030|33	037|52	037|18
咖啡粉	7[4]
小火炉	7[3]补极	003|14	000|75	000|12	000|22	000|62	000|72	000|21	000|61	000|34	000|44	000|54	000|64	000|46	000|18
海星	7[3]补极	000|31	000|15	000|74	000|76	000|16	000|27	000|77	000|17	000|78	000|28	000|48	000|68
冰沙	34[5]独	001|00	035|00	069|00	103|00	137|00	171|00	205|00	239|00	273|00	307|00	341|00	375|00	409|00	443|00	477|00	511|00	545|00	579|00	613|00	647|00	681|00	715|00	749|00	783|00	817|00	851|00	885|00	919|00	953|00
糖葫芦	7[3]继
木盘子	7[1]
麦芽糖	7[1]继
瓜皮	15[2]继
处女座	30[2]继
多拿滋	7[3]补极	003|41	000|32	000|51	000|42	000|33	000|52
狮子座	35[3]继
防风草	50[3]继
开水壶	17[3]补独	005|49	022|59	039|39	056|00	073|00	090|00	107|00	124|00	141|00	158|00	175|00	192|00	209|00	226|00	243|00	260|00	277|00	294|00	311|00	328|00	345|00	362|00	379|00	396|00	413|00	430|00	447|00	464|00	481|00	498|00	515|00	532|00	549|00	566|00	583|00	600|00	617|00	634|00	651|00	668|00	685|00	702|00	719|00	736|00	753|00	770|00	787|00	804|00	821|00	838|00	855|00	872|00	889|00	906|00	923|00	940|00	957|00
--第4波--
宝石	120[0]
铲子	7[0]独	002|12	009|22	016|62	023|72	030|21	037|61	044|71	051|34	058|44	065|54	072|64	079|13	086|73	093|33	100|52	107|00
咖啡粉	7[4]
小火炉	7[3]补极	000|14	000|75	000|74	000|15	000|16	000|76	000|37	000|57	000|18
海星	7[3]继
冰沙	33[5]继
糖葫芦	7[3]补极	000|11	000|12	000|22	000|62	000|72	000|21	000|61	000|71	000|24	000|34	000|44	000|54	000|64	000|13	000|73	000|33	000|52	000|35	000|55	000|46
木盘子	7[1]
麦芽糖	7[1]继
瓜皮	15[2]继
处女座	30[2]继
多拿滋	7[3]
狮子座	35[3]继
防风草	50[3]继
开水壶	30[3]继
