轨道版本号=v4.4
注释=
人物1位置=33
人物2位置=53
魔塔层数=0
退出时间=0
卡槽数=13
宝石	120[0]
铲子	7[0]独	001|22	001|62	100|41	107|42	114|31	121|51
咖啡粉	17[4]补独	100|18	117|00	134|00	151|00	168|00	185|00	202|00	219|00	236|00	253|00	270|00	287|00	304|00	321|00	338|00	355|00	372|00	389|00	406|00	423|00	440|00	457|00	474|00	491|00	508|00	525|00	542|00	559|00	576|00	593|00	610|00	627|00	644|00	661|00	678|00	695|00	712|00	729|00	746|00	763|00	780|00	797|00	814|00	831|00	848|00	865|00	882|00	899|00	916|00	933|00	950|00
小火炉	7[3]补极独	001|11	012|21	000|61	000|71	000|32	000|52	000|72	000|14	000|24	000|64	000|74	000|25	000|75
海星	7[3]补极独	019|43	000|44	000|45	000|46	000|34	000|54	000|35	000|55	000|37	000|47	000|57	000|41	000|38	000|48	000|58
冰沙	34[5]独	024|00	058|00	092|00	126|00	160|00	194|00	228|00	262|00	296|00	330|00	364|00	398|00	432|00	466|00	500|00	534|00	568|00	602|00	636|00	670|00	704|00	738|00	772|00	806|00	840|00	874|00	908|00	942|00
糖葫芦	7[3]补极独,0,0,1000	040|00	130|00
木盘子	7[1]
棉花糖	5[1]极独,0,0,1500	000|13	000|23	000|43	000|63	000|73	000|36	000|46	000|56
瓜皮	15[2]补极独,0,0,800	032|36	000|56	000|13	000|23	000|63	000|73	000|33	000|43	000|53	000|34	000|44	000|54	000|35	000|45	000|55	000|46	000|37	000|47	000|57
处女座	30[2]补极独,0,0,800	032|36	000|56	000|13	000|23	000|33	000|43	000|53	000|63	000|73	000|34	000|44	000|54	000|35	000|45	000|55	000|46	000|37	000|47	000|57
多拿滋	7[3]补极独,0,0,1000	000|13	000|23	000|63	000|73
防风草	10[3]补极独	019|22	000|62	000|36	000|56
布丁	7[3]补极独	109|42	000|31	000|51
开水壶	17[3]补独	100|18	117|00	134|00	151|00	168|00	185|00	202|00	219|00	236|00	253|00	270|00	287|00	304|00	321|00	338|00	355|00	372|00	389|00	406|00	423|00	440|00	457|00	474|00	491|00	508|00	525|00	542|00	559|00	576|00	593|00	610|00	627|00	644|00	661|00	678|00	695|00	712|00	729|00	746|00	763|00	780|00	797|00	814|00	831|00	848|00	865|00	882|00	899|00	916|00	933|00	950|00
--第7波--
宝石	120[0]
铲子	7[0]独	001|31	008|51	015|42	022|43	029|34	036|44	043|54	050|35	057|45	064|55	071|46	078|72
咖啡粉	7[4]
小火炉	7[3]补极独	000|11	000|21	000|61	000|71	000|32	000|52	000|14	000|24	000|64	000|74	000|25	000|75
海星	7[3]补极独	000|37	000|47	000|57	000|41	000|38	000|48	000|58
冰沙	34[5]继
糖葫芦	7[3]补极独	003|31	000|51	000|42	000|43	000|34	000|44	000|54	000|35	000|45	000|55	000|46	000|72
木盘子	7[1]
棉花糖	5[1]极独继,0,0,1500
瓜皮	15[2]极独继,0,0,800
处女座	30[2]极独继,0,0,800
多拿滋	7[3]极继,0,0,1000
防风草	10[3]极继
布丁	7[3]补
开水壶	23[3]
--第9波--
宝石	120[0]
铲子	0[0]独	001|44	008|32	008|35	015|42	015|45	022|52	022|55	029|34	029|36	036|43	036|46	043|54	043|56	050|14	050|31	057|24	057|51	064|64	064|21	064|11	071|74	071|61	071|71
咖啡粉	7[4]
小火炉	7[3]补极独	000|72	000|35	000|45	000|55	000|25	000|75	000|36	000|46	000|56
海星	7[3]补极独	000|21	000|31	000|51	000|61	000|41
冰沙	34[5]极
糖葫芦	7[3]补
木盘子	7[1]
棉花糖	5[1]极独继,0,0,1500
瓜皮	15[2]补极独,0,0,800	000|13	000|23	000|33	000|43	000|53	000|63	000|73	000|34	000|44	000|54	000|14	000|24	000|64	000|74
处女座	30[2]补极独,0,0,800	000|13	000|23	000|33	000|43	000|53	000|63	000|73	000|34	000|44	000|54	000|14	000|24	000|64	000|74
多拿滋	7[3]补极	000|13	000|23	000|32	000|42	000|52	000|63	000|73	000|34	000|54	000|43	000|24	000|64	000|14	000|74
防风草	10[3]补极独	000|22	000|62	000|44
布丁	7[3]补极独	000|11	000|71
开水壶	23[3]
