人物1位置=11
人物2位置=71
魔塔层数=0
宝石波次=
卡槽数=7
铲子	7	013|37	013|57	013|36	013|56	013|35	014|55	014|34	014|54	014|33	014|53	115|12	122|22	129|32	136|41	143|52	150|62	157|72
小火炉	7补	002|21	012|41	019|61	026|12	033|22	040|32	047|52	054|62	061|72	068|15	075|25	082|35	089|45	096|55	103|65	110|75
海星	7补	032|24	044|34	051|44	083|54	090|64	097|14	104|74	111|16	118|26	125|36	132|46	139|56	146|66	153|76	160|17	167|27	174|37	181|47	188|57	195|67	202|77	209|00	216|00	223|00	230|00	237|00	244|00	251|00	258|00	265|00	272|00	279|00	286|00	293|00	300|00	307|00	314|00	321|00	328|00	335|00	342|00	349|00	356|00	363|00	370|00	377|00	384|00	391|00	398|00	405|00	412|00	419|00	426|00	433|00	440|00	447|00	454|00	461|00	468|00	475|00	482|00	489|00	496|00	503|00	510|00	517|00	524|00	531|00	538|00	545|00	552|00	559|00	566|00	573|00	580|00	587|00	594|00	601|00	608|00	615|00	622|00	629|00	636|00	643|00	650|00	657|00	664|00	671|00	678|00	685|00	692|00	699|00	706|00	713|00	720|00	727|00	734|00	741|00	748|00	755|00	762|00	769|00	776|00	783|00	790|00	797|00	804|00	811|00	818|00	825|00	832|00	839|00	846|00	853|00	860|00	867|00	874|00	881|00	888|00	895|00	902|00	909|00	916|00	923|00	930|00	937|00	944|00	951|00	958|00
木盘子	7补	002|23	009|63	016|24	023|64	030|22	037|32	044|52	051|62	058|25	065|65	072|26	079|66	086|27	093|67	100|00	107|00	114|00	121|00	128|00	135|00
布丁	7	116|12	123|22	130|32	137|41	144|52	151|62	158|72	165|00
冰笼包	7补	060|23	067|33	074|43	081|53	088|63	095|13	102|73	109|00
冰桶	35	053|18
油灯	15补	045|42	060|00	075|00	090|00	105|00	120|00	135|00	150|00	165|00	180|00	195|00	210|00	225|00	240|00	255|00	270|00	285|00	300|00	315|00	330|00	345|00	360|00	375|00	390|00	405|00	420|00	435|00	450|00	465|00	480|00	495|00	510|00	525|00	540|00	555|00	570|00	585|00	600|00	615|00	630|00	645|00	660|00	675|00	690|00	705|00	720|00	735|00	750|00	765|00	780|00	795|00	810|00	825|00	840|00	855|00	870|00	885|00	900|00	915|00	930|00	945|00	960|00
