轨道版本号=v4.4
注释=
人物1位置=11
人物2位置=71
魔塔层数=0
退出时间=0
卡槽数=11
宝石	120[0]
铲子	0[0]	002|22	002|32	002|42	002|52	002|62
咖啡粉	7[4]
小火炉	7[3]	002|12	012|22	019|32	026|42	033|52	040|62	047|72	054|13	061|23	068|33	075|53	082|63	089|73
海星	7[3]补	032|78	044|58	051|38	058|18	065|68	072|48	079|28	086|76	093|66	100|56	107|46	114|36	121|26	128|16	135|77	142|47	149|17	156|41	163|21	170|31	177|51	184|61
冰激凌	42[5]x	083|43	132|43
糖葫芦	7[3]
木盘子	7[1]
棉花糖	5[1]
瓜皮	15[2]
处女座	30[2]
油灯	12[3]
狮子座	35[3]补	080|43	097|37	132|57	136|27	000|67
