轨道版本号=v4.6.2
注释=
人物1位置=24
人物2位置=54
魔塔层数=0
退出时间=0
刷技能模式=0
优先队列=海星,海星,糖葫芦,狮子座
卡槽数=13
宝石	120[0]
铲子	7[0]补极,0,0,0,,,0,,0,,,双菇	000|19	000|29	000|39
咖啡粉	7[4]
小火炉	7[3]补极绝	000|31	000|41	000|51	000|61	000|71	000|22	000|32	000|52	000|62	000|72	000|13	000|43	000|73	000|14	000|44	000|74	000|35	000|45	000|55	000|33	000|63	000|53	000|23	000|46	000|16
海星	7[3]补极,0,0,200	000|66	000|47	000|38	000|58	000|28	000|68	000|18	000|48	000|17	000|36	000|56	000|26
冰激凌	40[5]独	050|34	090|57	130|27	170|64	210|34	250|57	290|27	330|64	370|34	410|57	450|27	490|64	530|34	570|57	610|27	650|64	690|00	730|00	770|00	810|00	850|00	890|00	930|00
糖葫芦	7[3]补极,0,0,350	000|15	000|25	000|65	000|75	000|67	000|76
木盘子	7[1]补极	000|17	000|76	000|14	000|64	000|73	000|67	000|26	000|23
麦芽糖	7[1]
瓜皮	15[2]
处女座	30[2]
油灯	12[3]补极绝	030|42
狮子座	35[3]补极,0,0,400	000|37	000|77
炸炸菇	40[3]独	050|34	060|34	090|57	100|57	130|27	140|27	170|64	180|64	210|34	220|34	250|57	260|57	290|27	300|27	330|64	340|64	370|34	380|34	410|57	420|57	450|27	490|27	530|64	570|64	610|34	650|34	690|57	730|57	770|27	810|27	850|64	890|64	930|34	000|34	000|57	000|57	000|27	000|27	000|64	000|64
双菇	7[3]补极,0,0,400	000|19	000|29	000|39
--第3波--
宝石	120[0]
铲子	7[0]	001|31	008|41	015|51	022|61	029|71	036|43	043|44	050|14	057|74
咖啡粉	7[4]
小火炉	7[3]补极绝	000|22	000|32	000|52	000|62	000|72	000|13	000|73	000|35	000|45	000|55	000|33	000|63	000|23	000|53	000|16	000|46
海星	7[3]补极继,0,0,200
冰激凌	40[5]独继
糖葫芦	7[3]补极	003|15	000|25	000|65	000|75	000|67	000|76	000|31	000|41	000|51	000|61	000|71	000|43	000|14	000|74	000|44
木盘子	7[1]补极继
麦芽糖	7[1]
瓜皮	15[2]
处女座	30[2]
油灯	12[3]补极绝继
狮子座	35[3]补极继
炸炸菇	40[3]独继
双菇	7[3]继
