轨道版本号=v4.6.2
注释=
人物1位置=25
魔塔层数=0
退出时间=0
刷技能模式=0
优先队列=
卡槽数=12
宝石	120[0]
铲子	0[0]
咖啡粉	7[4]
小火炉	7[3]补极	000|62	000|61	000|31	000|55	000|41	000|51	000|12	000|71	000|73	000|13	000|56	000|36	000|16	000|63	000|76	000|45	000|35	000|54	000|44	000|43	000|23	000|21	000|11
海星	7[3]补极	000|72	000|17	000|77	000|18	000|78	000|27	000|67	000|46	000|38	000|58	000|28	000|68
冰沙	33[5]
糖葫芦	7[3]补极独	030|15	000|14	000|32	000|52	000|74
木盘子	7[1]
麦芽糖	7[1]
瓜皮	15[2]补极	000|47	000|17	000|77	000|19	000|79
处女座	30[2]
炸炸菇	7[3]独	044|34	050|34	084|22	090|22	124|34	130|34	164|34	170|34	204|22	210|22	244|34	250|34	284|34	290|34	324|22	330|22	364|34	370|34	404|34	410|34	444|22	450|22	484|34	490|34	524|34	530|34	564|22	570|22	604|34	610|34	644|34	650|34	684|22	690|22	724|34	730|34
面粉袋	30[3]
布丁	7[3]
--第4波--
宝石	120[0]
铲子	0[0]
咖啡粉	7[4]
小火炉	7[3]补极	000|31	000|55	000|41	000|51	000|12	000|13	000|56	000|36	000|45	000|35	000|54	000|44	000|43	000|23	000|21	000|11
海星	7[3]补继
冰沙	33[5]
糖葫芦	7[3]补极	003|15	000|14	000|32	000|52	000|74	000|76	000|16	000|63	000|73	000|62	000|61	000|71
木盘子	7[1]
麦芽糖	7[1]
瓜皮	15[2]补极继
处女座	30[2]
炸炸菇	7[3]独继
面粉袋	30[3]
布丁	7[3]
--第6波--
宝石	120[0]
铲子	0[0]
咖啡粉	7[4]
小火炉	7[3]补极	000|62	000|61	000|31	000|55	000|41	000|51	000|12	000|71	000|73	000|13	000|56	000|36	000|16	000|63	000|76	000|45	000|35	000|54	000|44	000|43	000|23	000|21	000|11
海星	7[3]补极继
冰沙	33[5]
糖葫芦	7[3]补极	000|15	000|14	000|32	000|52	000|74
木盘子	7[1]
麦芽糖	7[1]
瓜皮	15[2]补极继
处女座	30[2]
炸炸菇	7[3]独继
面粉袋	30[3]
布丁	7[3]
--第7波--
宝石	120[0]
铲子	0[0]
咖啡粉	7[4]
小火炉	7[3]
海星	7[3]
冰沙	33[5]
糖葫芦	7[3]
木盘子	7[1]
麦芽糖	7[1]
瓜皮	15[2]补极	000|47	000|28	000|38	000|58	000|68
处女座	30[2]
炸炸菇	7[3]独继
面粉袋	30[3]
布丁	7[3]补极	000|41
--第8.1波--
宝石	120[0]
铲子	0[0]
咖啡粉	7[4]
小火炉	7[3]
海星	7[3]
冰沙	33[5]
糖葫芦	7[3]
木盘子	7[1]
麦芽糖	7[1]
瓜皮	15[2]补继
处女座	30[2]
炸炸菇	7[3]独继
面粉袋	30[3]补极独,0,0,0,,,0,帽子,1	012|46
布丁	7[3]补极继
