轨道版本号=v4.6.2
注释=
人物1位置=54
魔塔层数=0
退出时间=0
刷技能模式=0
优先队列=
卡槽数=13
宝石	120[0]
铲子	1[0]
咖啡粉	7[4]
小火炉	7[3]补极	000|11	000|51	000|12	000|52	000|13	000|53	000|23	000|63	000|43	000|31	000|71	000|72	000|33	000|73	000|15	000|35	000|55	000|75
海星	7[3]补极独,0,0,250	000|46	000|42	000|38	000|58	000|78	000|18	000|68	000|28	000|17	000|37	000|47	000|57	000|77	000|62	000|32	000|22	000|26	000|66	000|36
冰沙	33[5]极独	053|00
糖葫芦	7[3]补极独,0,0,375	042|21	000|61	000|41
木盘子	4[1]
麦芽糖	7[1]
瓜皮	15[2]补极	000|46	000|27	000|67	000|44	000|17	000|26	000|36	000|66	000|76	000|62	000|52	000|32	000|22	000|14	000|54	000|77	000|12	000|43	000|42	000|72	000|18	000|28	000|68	000|78
处女座	30[2]补极,0,0,500	000|18	000|28	000|68	000|78
扑克牌	7[2]补极	000|48	000|24	000|64	000|58	000|37	000|47	000|57	000|38	000|13	000|23	000|33	000|53	000|63	000|73	000|15	000|35	000|55	000|75
炸炸菇	35[3]极独	065|48	100|24	135|64	170|48	205|24	240|64	275|48	310|24	345|64	380|48	415|24	450|64	485|48	520|24	555|64	590|48	625|24	660|64	695|48	730|24	765|64	800|48	835|24	870|64	905|48	940|24	000|64	000|48	000|24	000|64	000|48	000|24	000|64	000|48	000|24	000|64	000|48	000|24	000|64	000|48	000|24	000|64	000|48	000|24	000|64
布丁	7[3]补极独	061|76
狮子座	30[3]补极独,0,0,400	042|27	000|67
--第4波--
宝石	120[0]
铲子	1[0]
咖啡粉	7[4]
小火炉	7[3]补极	000|11	000|51	000|13	000|53	000|23	000|63	000|43	000|31	000|71	000|33	000|73	000|15	000|35	000|55	000|75
海星	7[3]补极独,0,0,250	000|22	000|32	000|42	000|52	000|62	000|46	000|38	000|58	000|78	000|18	000|68	000|28	000|17	000|37	000|47	000|57	000|77	000|26	000|66	000|36
冰沙	33[5]极独继
糖葫芦	7[3]补极独继,0,0,375
木盘子	4[1]
麦芽糖	7[1]
瓜皮	15[2]补极继
处女座	30[2]补极继,0,0,500
扑克牌	7[2]补极继
炸炸菇	35[3]极独继
布丁	7[3]补极独	000|12	000|72	000|76
狮子座	30[3]补极独继,0,0,400
