轨道版本号=v4.6.2
注释=
人物1位置=65
魔塔层数=0
退出时间=0
刷技能模式=0
优先队列=
卡槽数=13
宝石	120[0]
铲子	0[0]
炸炸菇	29[3]x独	060|42	062|42	070|42	072|42	078|42	079|42	110|42	112|42	120|42	122|42	128|42	129|42	160|42	162|42	170|42	172|42	178|42	179|42	210|42	212|42	220|42	222|42	228|42	229|42	260|42	262|42	270|42	272|42	278|42	279|42	310|42	312|42	320|42	322|42	328|42	329|42	360|42	362|42	370|42	372|42	378|42	379|42	410|42	412|42	420|42	422|42	428|42	429|42	460|42	462|42	470|42	472|42	478|42	479|42	510|42	512|42	520|42	522|42	528|42	529|42
小火炉	7[3]
海星	7[3]补极独,0,0,300	000|45	000|47	000|48	000|58	000|28	000|37	000|46	000|32	000|55	000|35	000|36	000|27	000|67
冰沙	33[5]独	070|00	072|00	120|00	122|00	170|00	172|00	220|00	222|00	270|00	272|00	320|00	322|00	370|00	372|00	420|00	422|00	470|00	472|00	520|00	522|00
糖葫芦	7[3]补极独,0,0,500	045|23	000|73	000|24	000|64	000|74
木盘子	7[1]
麦芽糖	7[1]
瓜皮	15[2]x补极独	080|38	095|58	110|48	125|28	140|68	155|63	170|53	185|43	200|44	215|64	230|36	245|54	260|46	275|47	290|22	305|73	320|12	335|72	350|24	365|61	380|23	395|27	410|67	425|37	440|00	455|00	470|00
处女座	30[2]
扑克牌	25[2]x补极	000|45	000|11	000|21	000|71	000|35	000|55	000|42	000|26	000|66	000|13	000|14	000|74	000|65	000|16
布丁	7[3]
面粉袋	18[3]
开水壶	17[3]
--第6.1波--
宝石	120[0]
铲子	0[0]
炸炸菇	29[3]独
小火炉	7[3]补
海星	7[3]补极独	000|45	000|46	000|42	000|32	000|52	000|62	000|47	000|44	000|43	000|48	000|38	000|58	000|28	000|68	000|55	000|35	000|36	000|27	000|37	000|67	000|54	000|53	000|17	000|77
冰沙	33[5]补极独,0,0,0,,,0,帽子,1,a,b+1,面粉袋
糖葫芦	7[3]
木盘子	7[1]
麦芽糖	7[1]继
瓜皮	15[2]x补极独	000|48	000|38	000|28	000|68	000|71	000|42	000|52	000|62	000|45	000|25	000|35	000|55	000|63	000|43	000|44	000|64	000|36	000|54	000|46	000|47	000|22	000|73	000|12	000|72	000|24	000|61	000|23
处女座	30[2]
扑克牌	7[2]补极独	000|48	000|38	000|28	000|68	000|11	000|21	000|31	000|41	000|51	000|13	000|53	000|14	000|74	000|15	000|65	000|75	000|16
布丁	7[3]补极	000|41	000|31	000|51	000|72	000|12
面粉袋	18[3]补极独,0,0,0,,,0,帽子,1,a,b+1	012|49	000|48	000|59	000|58	000|39	000|38	000|69	000|68	000|29	000|28	000|79	000|78	000|19	000|18
开水壶	17[3]
--第7.1波--
宝石	120[0]
铲子	0[0]	002|28	002|38	002|48	002|58	002|68
炸炸菇	29[3]独
小火炉	7[3]补极	000|28	000|38	000|48	000|58	000|68	000|18	000|78
海星	7[3]补独
冰沙	33[5]补独继
糖葫芦	7[3]
木盘子	7[1]
麦芽糖	7[1]继
瓜皮	15[2]x补极独	000|71	000|45	000|25	000|35	000|55	000|63	000|42	000|52	000|62	000|43	000|36	000|46	000|47	000|22	000|73	000|12	000|72	000|23
处女座	30[2]
扑克牌	7[2]补极	000|11	000|13	000|53	000|15	000|65	000|75	000|16
布丁	7[3]补极	000|12	000|72
面粉袋	18[3]补继
开水壶	17[3]
--第8.1波--
宝石	120[0]
铲子	0[0]x独	001|71	001|73	001|11	001|72	001|14	002|74	002|15	002|75	002|16	007|21	007|31	007|41	007|51	007|23	008|53	008|63	008|24	008|25	008|66	009|27	009|37	009|67	009|43	009|47	010|43	010|47	010|23	010|63	010|25	014|36	014|46	014|36	014|46	014|35	015|35	015|55	015|55	015|42	015|52	016|62	016|42	016|52	016|62	032|32	032|32
炸炸菇	29[3]独
小火炉	7[3]补极	000|14	000|16	000|17	000|18	000|32	000|42	000|52	000|62	000|44	000|54	000|64
海星	30[3]补独	001|72	004|13	007|25	010|35	018|00	022.5|00	043|00	052.5|00	073|00	082.5|00	103|00	112.5|00	133|00	142.5|00	163|00	172.5|00	193|00	202.5|00	223|00	232.5|00	262|00	292|00	322|00	352|00	382|00	412|00	442|00	472|00	502|00	532|00	562|00	592|00	622|00	652|00	682|00	712|00	742|00	772|00	802|00	832|00	862|00	892|00	922|00	952|00
冰沙	33[5]补极独,0,0,0,,,0,,0,,,开水壶
糖葫芦	7[3]
木盘子	7[1]
麦芽糖	7[1]继
瓜皮	15[2]x补极独	000|11	000|71	000|65	000|72	000|13	000|73	000|23	000|24	000|21
处女座	30[2]
扑克牌	7[2]补极	000|11	000|71	000|65	000|13	000|73	000|23	000|24	000|21
布丁	7[3]补极	000|12	000|15
面粉袋	18[3]补
开水壶	17[3]补极独	004|48
