轨道版本号=v4.6
注释=
人物1位置=13
人物2位置=73
魔塔层数=0
退出时间=0
刷技能模式=0
优先队列=海星,海星,糖葫芦,狮子座
卡槽数=11
宝石	120[0]
铲子	0[0]
咖啡粉	7[4]
小火炉	7[3]补极绝	000|11	000|21	000|61	000|71	000|12	000|22	000|62	000|72	000|23	000|63	000|16	000|26	000|66	000|76
海星	7[3]补极,0,0,200	000|68	000|28	000|18	000|78	000|35	000|45	000|55	000|36	000|46	000|56	000|37	000|47	000|57	000|38	000|48	000|58	000|39	000|49	000|59
冰激凌	42[5]x补极,0,0,0,,狮子座,1	000|67
糖葫芦	7[3]补极	000|15	000|25	000|65	000|75	000|14	000|24	000|64	000|74
木盘子	7[1]
麦芽糖	7[1]x独	091|79	121|69	181|79	241|79	271|19	301|29	361|19	391|69	421|19	481|69	541|19
瓜皮	15[2]补极	000|67	000|27	000|77	000|17
处女座	30[2]补极	000|67	000|27	000|77	000|17
布丁	7[3]补极	100|41	000|31	000|51
狮子座	35[3]补极	000|67	000|27	000|77	000|17
