轨道版本号=v4.4
注释=
人物1位置=33
人物2位置=53
魔塔层数=0
退出时间=0
卡槽数=11
宝石	120[0]
铲子	7[0]	002|32	002|42	002|52
咖啡粉	7[4]
小火炉	7[3]补极	002|11	012|21	000|31	000|51	000|61	000|71	000|12	000|22	000|32	000|42	000|52	000|62	000|72	000|13	000|23	000|63	000|73	000|16	000|76	000|15	000|75
海星	7[3]补极	032|43	052|17	059|77	066|45	085|19	092|41	099|79	106|24	113|34	120|44	127|54	134|64	141|25	148|35	155|55	162|65	169|26	176|36	183|46	190|56	000|66	000|27	000|37	000|47	000|57	000|67	000|28	000|38	000|58	000|68
冰激凌	42[5]x
糖葫芦	7[3]极独	046|14	094|74
木盘子	7[1]	002|17	009|77	016|13	023|73	030|14	037|74	044|15	051|75	058|16	065|76	083|19	098|79
棉花糖	5[1]
瓜皮	15[2]极	084|19	099|79
处女座	30[2]极独	078|48
油灯	12[3]
狮子座	35[3]极	078|48
--第4波--
宝石	120[0]
铲子	7[0]
咖啡粉	7[4]
小火炉	7[3]
海星	7[3]
冰激凌	42[5]
糖葫芦	7[3]
木盘子	7[1]
棉花糖	5[1]
瓜皮	15[2]
处女座	30[2]
油灯	12[3]
狮子座	35[3]
