轨道版本号=v4.6
注释=
人物1位置=23
人物2位置=63
魔塔层数=0
退出时间=0
刷技能模式=0
优先队列=
卡槽数=11
宝石	120[0]
铲子	8[0]独
咖啡粉	7[4]
小火炉	7[3]补极	000|11	000|71	000|12	000|72	000|13	000|73	000|14	000|74	000|15	000|75	000|16	000|76	000|17	000|77	000|18	000|78	000|19	000|79
海星	8[3]补极,0,0,200	000|45	000|25	000|65	000|35	000|55	000|44	000|24	000|64	000|34	000|54	000|43	000|23	000|63	000|33	000|53	000|42	000|22	000|62	000|32	000|52
冰激凌	33[5]x补独	079|39	112|00	145|00	178|00	211|00	244|00	277|00	310|00	343|00	376|00	409|00	442|00	475|00
糖葫芦	8[3]补极,0,0,0,,狮子座,1	000|31	000|51
木盘子	7[1]
麦芽糖	7[1]
瓜皮	15[2]补极,0,0,0,,狮子座,1	000|39	000|59	000|29	000|69	000|49
处女座	30[2]
油灯	12[3]
狮子座	35[3]补极独,0,1,0,,海星,3	076|39	000|59	000|29	000|69	000|49
--第1波--
宝石	120[0]
铲子	8[0]独
咖啡粉	7[4]
小火炉	7[3]补极继
海星	8[3]补极,0,0,550	000|45	000|25	000|65	000|35	000|55	000|44	000|24	000|64	000|34	000|54	000|43	000|23	000|63	000|33	000|53	000|42	000|22	000|62	000|32	000|52
冰激凌	33[5]x补独继
糖葫芦	8[3]补极继,0,0,0,,狮子座,1
木盘子	7[1]
麦芽糖	7[1]
瓜皮	15[2]补极继,0,0,0,,狮子座,1
处女座	30[2]
油灯	12[3]
狮子座	35[3]补极继,0,0,0,,海星,6
