轨道版本号=v4.4
注释=
人物1位置=13
人物2位置=73
魔塔层数=0
退出时间=0
卡槽数=11
宝石	120[0]
铲子	7[0]	133|14	140|34	147|54	154|74
咖啡粉	7[4]
小火炉	7[3]补	002|12	012|32	019|52	026|72	033|14	040|34	047|54	054|74	061|21	068|61	075|22	082|62	089|23	096|63	103|24	110|64	117|00	124|00	131|00
海星	7[3]补	032|58	053|78	060|38	092|18	099|31	106|15	113|35	120|55	127|75	134|14	141|34	148|54	155|74	162|42	169|43	176|44	183|45	190|46	197|47	204|48	211|49
冰激凌	42[5]x	072|37
糖葫芦	7[3]	046|53	100|33	131|11	138|71
木盘子	7[1]
棉花糖	5[1]独	034|49	062|69	092|79	182|79	242|79	272|29
瓜皮	15[2]补极	086|37	123|57	000|17	000|77
处女座	30[2]补极	087|37	130|57	000|17	000|77
油灯	12[3]	081|51
狮子座	35[3]补极	070|37	080|57	000|17	000|77
