人物1位置=22
人物2位置=62
魔塔层数=0
宝石波次=
卡槽数=9
铲子	7	104|42	107|13	114|23	121|33	128|43	135|53	142|63	149|73	156|12	163|32	170|52	177|72
小火炉	7补	002|23	012|63	019|15	026|35	033|45	040|55	047|75	054|16	061|36	068|46	075|56	082|76	089|00	096|00
海星	7补	019|13	032|23	039|33	046|43	058|53	066|63	073|73	080|12	087|32	094|52	101|72	108|24	115|64	122|14	129|34	136|44	143|54	150|74	157|25	164|65	171|26	178|66	185|00	192|00	199|00	206|00	213|00	220|00	227|00	234|00	241|00	248|00	255|00	262|00	269|00	276|00	283|00	290|00	297|00	304|00	311|00	318|00	325|00	332|00	339|00	346|00	353|00	360|00	367|00	374|00	381|00	388|00	395|00	402|00	409|00	416|00	423|00	430|00	437|00	444|00	451|00	458|00	465|00	472|00	479|00	486|00	493|00	500|00	507|00	514|00	521|00	528|00	535|00	542|00	549|00	556|00	563|00	570|00	577|00	584|00	591|00	598|00	605|00	612|00	619|00	626|00	633|00	640|00	647|00	654|00	661|00	668|00	675|00	682|00	689|00	696|00	703|00	710|00	717|00	724|00	731|00	738|00	745|00	752|00	759|00	766|00	773|00	780|00	787|00	794|00	801|00	808|00	815|00	822|00	829|00	836|00	843|00	850|00	857|00	864|00	871|00	878|00	885|00	892|00	899|00	906|00	913|00	920|00	927|00	934|00	941|00	948|00	955|00
布丁	7
油灯	7补	105|42	125|00
狮子座	35极	057|27	064|67
冰激凌	42	058|27
冰笼包	7补	019|21	026|31	033|41	040|51	047|61	054|11	061|71	075|00	082|00	089|00	096|00	103|00	110|00	117|00	124|00	131|00	138|00	145|00	152|00	159|00	166|00	173|00	180|00	187|00	194|00	201|00	208|00	215|00	222|00	229|00	236|00	243|00	250|00	257|00	264|00	271|00	278|00	285|00	292|00	299|00	306|00	313|00	320|00	327|00	334|00	341|00	348|00	355|00	362|00	369|00	376|00	383|00	390|00	397|00	404|00	411|00	418|00	425|00	432|00	439|00	446|00	453|00	460|00	467|00	474|00	481|00	488|00	495|00	502|00	509|00	516|00	523|00	530|00	537|00	544|00	551|00	558|00	565|00	572|00	579|00	586|00	593|00	600|00	607|00	614|00	621|00	628|00	635|00	642|00	649|00	656|00	663|00	670|00	677|00	684|00	691|00	698|00	705|00	712|00	719|00	726|00	733|00	740|00	747|00	754|00	761|00	768|00	775|00	782|00	789|00	796|00	803|00	810|00	817|00	824|00	831|00	838|00	845|00	852|00	859|00	866|00	873|00	880|00	887|00	894|00	901|00	908|00	915|00	922|00	929|00	936|00	943|00	950|00	957|00
冰桶	29	035|47
棉花糖	3
