人物1位置=11
人物2位置=71
魔塔层数=0
宝石波次=
卡槽数=8
铲子	7	163|75	170|65	177|25	184|15	191|55	198|45	205|35	212|54	219|44	226|34	227|14	234|24	241|64	248|74
小火炉	7x	018|21	025|31	032|41	039|51	046|61	053|13	060|23	067|14	074|24	081|15	088|25	096|55	103|45	112|35	127|54	142|44	149|34
酒杯灯	7x	002|12	009|22	016|32	023|42	030|52	039|62	046|72	053|63	060|73	067|64	074|74	081|65	088|75
海星	7x	038|77	052|68	061|28	095|78	102|18	109|49	116|17	123|59	130|76	137|39	144|66	151|26	158|16	165|58	172|48	179|38	186|57	193|47	200|37	207|56	214|46	221|36	228|14	235|24	242|64	249|74
狮子座	50x	086|27	089|67
糖葫芦	7x	164|75	171|65	178|25	185|15	192|55	199|45	206|35	213|54	220|44	227|34	234|53	241|43	248|33
瓜皮	15x	105|49	120|59	135|39
冰激凌	42x	086|27	000|76	000|38
木盘子	7x	090|55	097|45	104|49	111|35	119|59	126|54	134|39	141|44	148|34	155|58	162|48	169|38	176|57	183|47	190|37	197|56	204|46	211|36	218|53	225|43	232|33
