人物1位置=22
人物2位置=23
魔塔层数=0
宝石波次=
卡槽数=9
铲子	0x独
小火炉	7x补极	002|11	009|31	016|51	023|12	030|32	037|52	044|13	051|33	000|53	000|14	000|34	000|16	000|36	000|56
海星	7x补极	002|58	009|38	059|18	000|78	000|75	000|74	000|73	000|72	000|77	000|76	000|17	000|41	000|42	000|43	000|44	000|45	000|46	000|47	000|48	000|49	000|55	000|35	000|15
糖葫芦	7x补极	029|54	091|21	000|61	000|22	000|62	000|23	000|63	000|24	000|64	000|25	000|65	000|26	000|66	000|27	000|67	000|28	000|68	000|29	000|69
冰激凌	42x	054|57
布丁	7x补极	070|71	000|41
狮子座	35x补极	054|57	058|37
棉花糖	10x独	002|49	053|69	091|79	181|79	241|79	268|29
瓜皮	15x补极	120|57	000|37	000|41	000|42	000|43	000|44	000|45	000|46	000|47	000|48	000|49
处女座	30x补极	120|21	000|61	000|22	000|62	000|23	000|63	000|24	000|64	000|25	000|65	000|26	000|66	000|27	000|67	000|28	000|68	000|29	000|69
