轨道版本号=v4.6.2
注释=
人物1位置=12
人物2位置=13
魔塔层数=0
退出时间=0
刷技能模式=0
优先队列=海星,海星,海星,海星,海星,狮子座,冰沙,狮子座
卡槽数=12
宝石	120[0]
铲子	7[0]独
咖啡粉	7[4]
小火炉	7[3]补极绝独	000|14	000|74	000|21	000|31	000|41	000|61	000|22	000|42	000|72	000|23	000|43	000|73	000|63	000|51	000|52
海星	7[3]补极独,0,0,200	000|47	000|67	000|27	000|77	000|17	000|36	000|56	000|16	000|76	000|25	000|35	000|45	000|55	000|65	000|15	000|75
冰沙	60[5]独	088|00	122|00	182|00	242|00	302|00	362|00	422|00	482|00	542|00	602|00	662|00	722|00	782|00
糖葫芦	7[3]补极独,0,0,600	079|33	000|53	000|34	000|54
木盘子	7[1]
麦芽糖	5[1]
瓜皮	15[2]补极独,0,0,1000	109|27	000|37	000|47	000|57	000|67	000|17	000|77	000|56	000|36	000|25	000|45	000|65	000|35	000|55	000|34	000|76	000|75	000|54	000|23	000|33	000|43	000|53	000|63
处女座	30[2]补极独,0,0,1000	110|27	000|37	000|47	000|57	000|67	000|17	000|77	000|36	000|56	000|25	000|45	000|65	000|35	000|55	000|34	000|76	000|75	000|54	000|23	000|33	000|43	000|53	000|63	000|16	000|15
油灯	7[3]独
狮子座	35[3]补极独,0,0,400	073|37	000|57
海盐粉	7[3]独	063|32	123|64	126|66	129|32	183|46	186|64	189|62	243|66	303|26	306|46	363|26	423|62	426|32	483|66	543|66	546|44	603|24	606|64	609|62	663|32	666|62	723|32	726|62	783|24	786|44
--第4波--
宝石	120[0]
铲子	7[0]独	001|22	008|42	015|52	022|72
咖啡粉	7[4]
小火炉	7[3]补极独	000|21	000|31	000|41	000|51	000|61	000|23	000|43	000|63	000|73	000|14	000|74
海星	7[3]补极独,0,0,500	003|47	000|67	000|27	000|77	000|17	000|36	000|56	000|16	000|76	000|25	000|35	000|45	000|55	000|65	000|15	000|75	000|22	000|42	000|52	000|72
冰沙	60[5]独继
糖葫芦	7[3]极独继,0,0,600
木盘子	7[1]
麦芽糖	5[1]
瓜皮	15[2]继
处女座	30[2]x继
油灯	7[3]独
狮子座	35[3]极独继,0,0,650
海盐粉	7[3]独继
--第9波--
宝石	120[0]
铲子	7[0]独	001|22	008|42	015|52	022|72	029|21	036|31	043|41	050|51	057|61	064|23	071|43	078|63	085|73	092|74	099|14
咖啡粉	7[4]
小火炉	7[3]补极独	000|28	000|38	000|48	000|58	000|68
海星	7[3]补极独,0,0,500	000|76	000|75	000|16	000|25	000|35	000|45	000|55	000|65	000|15	000|56	000|36	000|17	000|27	000|77	000|67	000|47
冰沙	60[5]独继
糖葫芦	7[3]补极独	003|33	000|53	000|34	000|54	000|22	000|42	000|52	000|72	000|21	000|31	000|41	000|51	000|61	000|23	000|43	000|63	000|73	000|74	000|14
木盘子	7[1]
麦芽糖	5[1]
瓜皮	15[2]继
处女座	30[2]x继
油灯	7[3]独
狮子座	35[3]极独继,0,0,650
海盐粉	7[3]独继
--第11波--
宝石	120[0]
铲子	7[0]独继
咖啡粉	7[4]
小火炉	7[3]补极独	000|17	000|27	000|37	000|47	000|57	000|67	000|77
海星	7[3]补极独,0,0,500	000|76	000|75	000|16	000|25	000|35	000|45	000|55	000|65	000|15	000|56	000|36
冰沙	60[5]独继
糖葫芦	7[3]极独继,0,0,600
木盘子	7[1]
麦芽糖	5[1]
瓜皮	15[2]继
处女座	30[2]x继
油灯	7[3]独
狮子座	35[3]独,0,0,650
海盐粉	7[3]独继
