轨道版本号=v4.6
注释=
人物1位置=52
人物2位置=32
魔塔层数=0
退出时间=0
刷技能模式=0
优先队列=
卡槽数=12
宝石	120[0]
铲子	1[0]
咖啡粉	7[4]
小火炉	7[3]补极	000|11	000|21	000|31	000|41	000|51	000|61	000|71	000|12	000|22	000|72	000|14	000|34	000|54	000|74	000|15	000|35	000|55	000|75	000|24	000|64	000|25	000|65
海星	7[3]补极,0,0,200	000|48	000|38	000|19	000|58	000|79	000|47	000|78	000|57	000|18	000|67	000|37	000|27	000|17	000|77	000|46	000|45	000|44	000|43	000|36	000|56
冰激凌	42[5]
糖葫芦	7[3]
木盘子	4[1]补极	000|79	000|19	000|18	000|78	000|17	000|77	000|14	000|74	000|15	000|75
麦芽糖	7[1]
瓜皮	15[2]补极	000|19	000|79
处女座	30[2]
油灯	12[3]补极	030|62
狮子座	30[3]绝
布丁	7[3]补极	060|42	000|13	000|73	000|23	000|33	000|53	000|63
