轨道版本号=v3.9
注释=
人物1位置=11
魔塔层数=0
退出时间=0
卡槽数=13
宝石	120[0]
铲子	0[0]
小火炉	7[3]	002|21	012|31	019|41	026|51	033|61	040|12	047|22	054|62	061|72
海星	7[3]	020|68	034|48	045|28	052|58	059|38	066|17	073|27	080|37	087|47	094|57	101|67	108|77	115|16	122|26	129|36	136|46	143|56	150|66	157|76
冰激凌	42[5]x
糖葫芦	7[3]	032|35	053|45	067|55
木盘子	7[1]	002|68	009|28	016|17	023|27	030|67	037|77	044|16	051|26	058|66	065|76
棉花糖	5[1]
狮子座	35[3]
瓜皮	15[2]
处女座	30[2]
油灯	12[3]
布丁	7[3]
双层包	7[3]补	150|19	157|29	000|39	000|49	000|59	000|69	000|79
咖啡粉	7[4]
