轨道版本号=v4.6
注释=
人物1位置=34
人物2位置=54
魔塔层数=0
退出时间=0
刷技能模式=0
优先队列=海星,海星,海星,海星,糖葫芦,狮子座,冰激凌
卡槽数=12
宝石	120[0]
铲子	0[0]
咖啡粉	7[4]
小火炉	7[3]补极绝	000|31	000|41	000|51	000|22	000|32	000|42	000|52	000|62	000|23	000|33	000|53	000|63	000|13	000|43	000|73	000|15	000|25	000|65	000|75
海星	7[3]补极,0,0,200	000|58	000|38	000|68	000|28	000|48	000|77	000|17	000|27	000|47	000|67	000|16	000|26	000|36	000|56	000|66	000|76
冰激凌	42[5]补极	000|57
糖葫芦	7[3]补极	000|14	000|24	000|64	000|74
木盘子	7[1]
麦芽糖	7[1]极绝	000|14	000|57	000|37	000|13	000|43	000|73	000|24	000|64	000|74	000|15	000|25	000|65	000|75
瓜皮	15[2]
处女座	30[2]
油灯	12[3]
狮子座	35[3]补极	000|57	000|37
气泡	10[1]
--第3波--
宝石	120[0]
铲子	7[0]独	001|15	001|25	008|65	015|75	022|23	029|33	036|43	043|53	050|63
咖啡粉	7[4]
小火炉	7[3]补极绝	002|31	000|41	000|51	000|22	000|32	000|42	000|52	000|62	000|13	000|73
海星	7[3]补极,0,0,200	002|58	000|38	000|68	000|28	000|48	000|77	000|17	000|27	000|47	000|67	000|16	000|26	000|36	000|56	000|66	000|76	000|15	000|25	000|65	000|75	000|23	000|33	000|43	000|53	000|63
冰激凌	42[5]补极继
糖葫芦	7[3]补极继
木盘子	7[1]
麦芽糖	7[1]极绝继,0,0,80
瓜皮	15[2]
处女座	30[2]
油灯	12[3]
狮子座	35[3]补极继
气泡	10[1]极绝继,0,0,50
