轨道版本号=v4.6
注释=
人物1位置=33
人物2位置=53
魔塔层数=0
退出时间=0
刷技能模式=0
优先队列=海星,海星,海星,海星,糖葫芦,狮子座,冰激凌
卡槽数=12
宝石	120[0]
铲子	7[0]
咖啡粉	7[4]
小火炉	7[3]补极绝	000|31	000|51	000|11	000|21	000|61	000|71	000|12	000|22	000|32	000|42	000|52	000|62	000|72	000|14	000|24	000|64	000|74	000|15	000|75
海星	7[3]补极,0,0,200	000|58	000|38	000|78	000|41	000|18	000|28	000|48	000|68	000|17	000|27	000|67	000|77	000|16	000|26	000|66	000|76
冰激凌	42[5]补极	000|57
糖葫芦	7[3]补极	000|13	000|23	000|63	000|73
木盘子	7[1]
麦芽糖	7[1]极绝	000|57	000|37	000|11	000|21	000|61	000|71	000|12	000|42	000|72	000|14	000|24	000|64	000|74	000|15	000|75
瓜皮	15[2]
处女座	30[2]
布丁	7[3]
狮子座	35[3]补极	000|57	000|37
气泡	10[1]
--第3波--
宝石	120[0]
铲子	7[0]独	001|15	001|75	008|14	015|24	022|64	029|74	036|42	043|11	050|21	057|31	064|51	071|61	078|71
咖啡粉	7[4]
小火炉	7[3]补极绝	002|12	000|22	000|32	000|52	000|62	000|72
海星	7[3]补极,0,0,200	002|58	000|38	000|78	000|41	000|18	000|28	000|48	000|68	000|17	000|67	000|77	000|66	000|76	000|75	000|16	000|15	000|27	000|26	000|14	000|24	000|64	000|74
冰激凌	42[5]补极继
糖葫芦	7[3]补极继
木盘子	7[1]
麦芽糖	7[1]极绝继
瓜皮	15[2]
处女座	30[2]
布丁	7[3]补极独	045|42	000|11	000|21	000|31	000|51	000|61	000|71
狮子座	35[3]补极继
气泡	10[1]
