轨道版本号=v4.6
注释=
人物1位置=13
人物2位置=73
魔塔层数=0
退出时间=0
刷技能模式=0
优先队列=海星,海星,糖葫芦,狮子座,冰激凌
卡槽数=12
宝石	120[0]
铲子	7[0]
咖啡粉	7[4]
小火炉	7[3]补极绝	000|24	000|34	000|44	000|54	000|64	000|25	000|35	000|45	000|55	000|65	000|11	000|71	000|12	000|22	000|62	000|72	000|14	000|74
海星	7[3]补极,0,0,200	000|56	000|36	000|46	000|66	000|26	000|76	000|16	000|77	000|17	000|15	000|75
冰激凌	39[5]补极	000|57
糖葫芦	7[3]补极	000|23	000|33	000|53	000|63
木盘子	7[1]
麦芽糖	7[1]极绝	000|23	000|57	000|37	000|11	000|71	000|12	000|22	000|62	000|72	000|33	000|53	000|63	000|67	000|27	000|77	000|17
瓜皮	15[2]补极	000|57	000|37	000|46	000|67	000|27	000|77	000|17
处女座	30[2]补极	000|57	000|37	000|46	000|67	000|27	000|77	000|17
油灯	12[3]
狮子座	35[3]补极	000|57	000|37	000|67	000|27
气泡	10[1]
--第3波--
宝石	120[0]
铲子	7[0]独	001|25	008|35	015|45	022|55	029|65	036|14	043|24	050|34	057|44	064|54	071|64	078|74
咖啡粉	7[4]
小火炉	7[3]补极绝	002|11	000|71	000|12	000|22	000|62	000|72
海星	7[3]补极,0,0,200	002|56	000|36	000|46	000|66	000|26	000|76	000|16	000|77	000|17	000|15	000|75	000|25	000|35	000|45	000|55	000|65	000|14	000|24	000|34	000|44	000|54	000|64	000|74
冰激凌	39[5]补继
糖葫芦	7[3]补极继
木盘子	7[1]
麦芽糖	7[1]极绝继
瓜皮	15[2]补极继
处女座	30[2]补极继
油灯	12[3]
狮子座	35[3]补极继
气泡	10[1]
