轨道版本号=v4.6
注释=
人物1位置=13
人物2位置=73
魔塔层数=0
退出时间=0
刷技能模式=0
优先队列=海星,海星,糖葫芦,狮子座,冰激凌
卡槽数=12
宝石	120[0]
铲子	7[0]
咖啡粉	7[4]
小火炉	7[3]补极绝	000|34	000|54	000|44	000|43	000|12	000|22	000|32	000|52	000|62	000|72	000|11	000|21	000|61	000|71
海星	7[3]补极,0,0,200	000|66	000|26	000|47	000|77	000|17	000|46	000|35	000|55	000|24	000|64
冰激凌	39[5]补极	000|67
糖葫芦	7[3]补极	000|23	000|33	000|53	000|63
木盘子	7[1]
麦芽糖	7[1]极绝	000|44	000|43	000|12	000|22	000|32	000|52	000|62	000|72	000|11	000|21	000|61	000|71	000|47	000|77	000|17
瓜皮	15[2]补极	000|67	000|27	000|57	000|37	000|47	000|77	000|17
处女座	30[2]补极	000|67	000|27	000|57	000|37	000|47	000|77	000|17
油灯	12[3]
狮子座	35[3]补极	000|67	000|27	000|57	000|37
气泡	10[1]
--第2波--
宝石	120[0]
铲子	7[0]	001|36	001|56	008|34	015|44	022|54	029|43
咖啡粉	7[4]
小火炉	7[3]补极绝	002|12	000|22	000|32	000|52	000|62	000|72	000|11	000|21	000|61	000|71
海星	7[3]补极,0,0,200	002|66	000|26	000|47	000|77	000|17	000|46	000|35	000|55	000|24	000|64	000|36	000|56	000|34	000|44	000|54	000|43
冰激凌	39[5]补极继
糖葫芦	7[3]补极继
木盘子	7[1]
麦芽糖	7[1]极绝继
瓜皮	15[2]补极继
处女座	30[2]补极继
油灯	12[3]
狮子座	35[3]补极继
气泡	10[1]
--第3波--
宝石	120[0]
铲子	7[0]	001|12	001|22	008|32	015|52	022|62	029|72
咖啡粉	7[4]
小火炉	7[3]补极绝	002|11	000|21	000|61	000|71
海星	7[3]补极,0,0,200	002|66	000|26	000|47	000|77	000|17	000|46	000|35	000|55	000|24	000|64	000|36	000|56	000|34	000|44	000|54	000|43	000|12	000|22	000|32	000|52	000|62	000|72
冰激凌	39[5]补极继
糖葫芦	7[3]补极继
木盘子	7[1]
麦芽糖	7[1]极绝继
瓜皮	15[2]补极继
处女座	30[2]补极继
油灯	12[3]
狮子座	35[3]补极继
气泡	10[1]
