轨道版本号=v4.6
注释=
人物1位置=24
人物2位置=64
魔塔层数=0
退出时间=0
刷技能模式=0
优先队列=海星,海星,糖葫芦,狮子座
卡槽数=12
宝石	120[0]
铲子	0[0]
咖啡粉	7[4]
小火炉	7[3]补极绝独	000|32	000|42	000|52	000|43	000|21	000|31	000|41	000|51	000|61	000|11	000|71	000|12	000|22	000|62	000|72	000|33	000|53	000|34	000|44	000|54
海星	7[3]补极,0,0,200	000|26	000|66	000|16	000|76	000|35	000|55	000|45	000|15	000|25	000|65	000|75
冰激凌	42[5]补极,0,0,0,,,0,,0,,,狮子座	000|27
糖葫芦	7[3]补极独	060|13	000|73	000|23	000|63	000|14	000|74
木盘子	7[1]
麦芽糖	5[1]极绝独	000|13	000|27	000|67	000|11	000|71	000|12	000|22	000|62	000|72	000|73	000|17	000|77	000|33	000|53	000|23	000|63	000|14	000|74	000|36	000|56	000|34	000|44	000|54
瓜皮	15[2]补极独	060|27	000|67	000|17	000|77	000|36	000|56
处女座	30[2]独
布丁	7[3]
狮子座	35[3]补极,0,0,475	000|27	000|67	000|17	000|77	000|36	000|56
气泡	10[1]
--第3波--
宝石	120[0]
铲子	0[0]独	001|11	001|34	008|21	008|44	015|31	015|54	022|41	022|33	029|51	029|43	036|61	036|53	043|71	043|32	050|42	050|52
咖啡粉	7[4]
小火炉	7[3]补极独	000|12	000|22	000|62	000|72
海星	7[3]补极	003|26	000|66	000|16	000|76	000|35	000|55	000|45	000|15	000|25	000|65	000|75	000|34	000|44	000|54	000|33	000|43	000|53	000|32	000|42	000|52
冰激凌	42[5]极继,0,0,0,,,0,,0,,,狮子座
糖葫芦	7[3]补极继
木盘子	7[1]
麦芽糖	5[1]
瓜皮	15[2]补极继
处女座	30[2]
布丁	7[3]补极	003|11	000|21	000|31	000|41	000|51	000|61	000|71
狮子座	35[3]补极继
气泡	10[1]
--第5波--
宝石	120[0]
铲子	0[0]
咖啡粉	7[4]
小火炉	7[3]继
海星	7[3]继
冰激凌	42[5]继
糖葫芦	7[3]继
木盘子	7[1]
麦芽糖	5[1]极独	000|21	000|31	000|41	000|51	000|61
瓜皮	15[2]继
处女座	30[2]
布丁	7[3]继
狮子座	35[3]继
气泡	10[1]
