轨道版本号=v4.21
注释=
人物1位置=12
人物2位置=72
魔塔层数=0
退出时间=0
卡槽数=13
宝石	120[0]
铲子	7[0]	110|14	117|74
小火炉	7[3]	002|22	012|32	019|42	026|52	033|62	040|13	047|23	054|33	061|43	068|53	075|63	082|73	089|14	096|74	103|11	110|21	117|31	124|41	131|51	138|61	145|71
海星	7[3]	031|78	051|58	058|38	065|18	072|68	079|48	086|28	093|17	100|27	107|37	114|47	121|57	128|67	135|77	142|16	149|26	156|36	163|46	170|56	177|66	184|76	191|15	198|25	205|35	212|45	219|55	226|65	233|75
冰激凌	42[5]x
糖葫芦	7[3]	044|24	073|44	087|34	097|54	104|64	111|14	118|74
木盘子	7[1]
棉花糖	5[1]	045|33	050|53	055|38	060|19	065|29	070|39	075|69	080|79	085|34	090|54	095|64	100|16	105|66	110|15
瓜皮	15[2]
处女座	30[2]
开水壶	7[3]
油灯	12[3]
狮子座	35[3]
布丁	7[3]
咖啡粉	7[4]
