轨道版本号=v4.21
注释=
人物1位置=22
人物2位置=62
魔塔层数=0
退出时间=0
卡槽数=13
宝石	120[0]
铲子	8[0]独	174|15	182|75	190|15	198|75	207|16	215|76	223|14	231|74
小火炉	7[3]补	002|11	012|71	019|12	026|72	033|13	040|73	047|14	054|74	061|15	068|75	075|16	082|76	109|17	116|77	123|18	130|78
海星	8[3]独	031|45	058|33	066|53	091|23	099|63	108|28	116|68	124|43	132|44	141|27	149|37	157|54	165|64	190|12	198|72	207|18	215|78	223|13	231|73	240|17	248|77	256|51	264|41	273|34	281|24	289|61
冰激凌	42[5]x独	076|38
糖葫芦	8[3]独	044|35	083|45	108|55
木盘子	7[1]
棉花糖	5[1]
瓜皮	15[2]独	092|35
处女座	30[2]独	092|55
开水壶	7[3]
油灯	12[3]
狮子座	35[3]独	075|38	080|58
布丁	7[3]
咖啡粉	7[4]
