轨道版本号=v4.21
注释=
人物1位置=11
人物2位置=71
魔塔层数=0
退出时间=0
卡槽数=12
宝石	120[0]
铲子	0[0]
小火炉	7[3]	002|12	012|22	019|32	026|42	033|52	040|62	047|72	054|13	061|23	068|33	075|43	082|53	089|63	096|73	103|21	110|31	117|41	124|51	131|61	138|14	145|74
海星	7[3]	032|78	058|58	065|38	072|18	079|68	086|48	093|28	100|17	107|27	114|37	121|47	128|57	135|67	142|77	149|16	156|26	163|36	170|46	177|56	184|66	191|76
冰激凌	42[5]x
糖葫芦	7[3]	051|24	084|34	097|44	108|54	115|64
木盘子	7[1]
棉花糖	5[1]	034|17	039|27	044|37	049|16	054|36	059|46	064|56	069|66	074|76	079|45	084|55	089|75
瓜皮	15[2]
处女座	30[2]
开水壶	7[3]
油灯	12[3]
狮子座	35[3]
布丁	7[3]
