轨道版本号=v4.21
注释=
人物1位置=15
魔塔层数=0
退出时间=0
卡槽数=13
宝石	120[0]
铲子	0[0]	148|34	148|44	148|54	159|34	159|44	159|54
小火炉	7[3]补极	002|61	012|71	019|62	026|72	033|63	040|73	047|64	054|74	061|65	068|75	075|66	082|76	000|14	000|24	000|15	000|25	000|16	000|26	000|17	000|27	000|18	000|28
海星	7[3]补极	032|35	052|45	059|55	090|12	000|38	000|78
冰激凌	42[5]x	071|36
糖葫芦	7[3]补极	046|13	096|23	000|33	000|43	000|53	000|77	000|67	000|57	000|47	000|37	000|68	000|58	000|48	000|52	000|42	000|32	000|22	000|34	000|44	000|54
木盘子	7[1]
棉花糖	5[1]
瓜皮	15[2]补极	083|36	000|56	000|46	000|35	000|45	000|55	000|38	000|48	000|58	000|68	000|78
处女座	30[2]补极	086|36	000|56	000|46	000|35	000|45	000|55	000|38	000|48	000|58	000|68	000|78
开水壶	7[3]
油灯	12[3]
狮子座	35[3]补极	070|36	079|56	000|46
热狗	7[3]补	150|34	157|44	000|54
咖啡粉	7[4]
