轨道版本号=v4.21
注释=
人物1位置=11
人物2位置=71
魔塔层数=0
退出时间=0
卡槽数=13
宝石	120[0]
铲子	0[0]
小火炉	7[3]	002|12	012|22	019|32	026|42	033|52	040|62	047|72	054|13	061|23	068|33	075|43	082|53	089|63	096|73	103|14	110|34	117|44	124|54	131|64	138|74
海星	7[3]	032|78	044|58	051|38	058|47	083|28	090|41	097|48	104|68	111|17	118|27	125|67	132|21	139|61	146|16	153|26	160|36	167|46	174|56	181|76	188|15	195|25	202|35	209|45	216|55	223|65	230|75
冰激凌	42[5]x	070|37
糖葫芦	7[3]
木盘子	7[1]	002|62	009|13	016|36	023|46
棉花糖	5[1]
瓜皮	15[2]
处女座	30[2]
开水壶	7[3]
油灯	12[3]	045|31	084|51
狮子座	35[3]	066|37	078|57
布丁	7[3]
咖啡粉	7[4]
