轨道版本号=v4.4
注释=
人物1位置=11
人物2位置=71
魔塔层数=0
退出时间=0
卡槽数=11
宝石	120[0]
铲子	0[0]
咖啡粉	7[4]
小火炉	7[3]	002|12	012|22	019|32	026|42	033|52	040|62	047|72	054|13	061|23	068|33	075|43	082|53	089|63	096|73	103|21	110|31	117|41	124|51	131|61	138|14	145|24	152|34	159|44	166|54	173|64	180|74
海星	7[3]	032|68	044|48	051|28	058|17	065|37	072|47	079|57	086|67	093|77	100|16	107|26	114|36	121|46	128|56	135|66	142|76	149|15	156|25	163|35	170|45	177|55	184|65	191|75
冰激凌	42[5]
糖葫芦	7[3]
木盘子	7[1]	003|68	010|48	017|28	024|17	031|37	038|47	045|57	052|67	059|77	066|16	073|26	080|36	087|46	094|56	101|66	108|76	115|15	122|25	129|35	136|45	143|55	150|65	157|75
棉花糖	5[1]
瓜皮	15[2]
处女座	30[2]
油灯	12[3]
狮子座	35[3]
