轨道版本号=v4.21
注释=
人物1位置=34
人物2位置=54
魔塔层数=0
退出时间=0
卡槽数=13
宝石	120[0]
铲子	7[0]	134|15	141|25	148|65	155|75
小火炉	7[3]补极	002|32	012|42	019|52	026|41	033|14	040|24	047|44	054|64	061|74	068|75	075|65	082|25	089|15
海星	7[3]补极	019|48	026|38	033|58	040|27	047|67	079|46	086|16	093|76	100|26	107|66	114|36	121|56	128|47	135|15	142|25	149|65	156|75
冰激凌	42[5]	070|37
糖葫芦	7[3]补极	051|35	058|45	071|55
木盘子	7[1]
麦芽糖	7[1]	031|35	038|45	045|57	052|55	067|75	074|65
瓜皮	15[2]
处女座	30[2]
开水壶	7[3]
油灯	12[3]
狮子座	35[3]补极	070|37	074|57
气泡	10[1]	018|14	028|24	038|44	048|64	058|74	068|37	078|25	088|15
咖啡粉	7[4]
