轨道版本号=v4.21
注释=
人物1位置=11
人物2位置=71
魔塔层数=0
退出时间=0
卡槽数=12
宝石	120[0]
铲子	0[0]	002|22	002|32	002|42	002|52	002|62
小火炉	7[3]	002|12	012|22	019|32	026|42	033|52	040|62	047|72	054|13	061|23	068|33	075|43	082|53	089|63	096|73	103|21	110|41	117|61
海星	7[3]	032|78	057|58	064|38	085|18	092|68	099|48	106|28	113|17	120|37	127|47	134|57	141|77	148|76	155|66	162|56	169|46	176|36	183|26	190|16
冰激凌	42[5]	072|27
糖葫芦	7[3]	046|15	094|25	101|35	109|45	116|55	123|65	130|75	137|14	144|24	151|34	158|44	165|54	172|64	179|74
木盘子	7[1]	002|38	009|48	016|58	023|33	030|43	037|53	044|37	051|47	058|57	065|35	072|45	079|55	086|36	093|46	100|56	107|34	114|44	121|54
棉花糖	5[1]
瓜皮	15[2]
处女座	30[2]
开水壶	7[3]
油灯	12[3]	034|31	047|51
狮子座	35[3]补	070|27	080|67
布丁	7[3]
