轨道版本号=v4.4
注释=
人物1位置=11
人物2位置=71
魔塔层数=0
退出时间=0
卡槽数=11
宝石	120[0]
铲子	0[0]	002|22	002|32	002|42	002|52	002|62
咖啡粉	7[4]
小火炉	7[3]补	002|12	012|22	019|32	026|42	033|52	040|62	047|72	054|13	061|23	068|33	075|43	082|53	089|63	096|73	103|21	110|31	117|41	124|51	131|61	138|34	145|44	152|54
海星	7[3]	032|68	044|48	059|28	066|58	077|38	084|17	091|27	098|37	105|47	112|57	119|67	126|77	133|16	140|76
冰激凌	42[5]x
糖葫芦	7[3]	052|36	072|46	086|56	099|35	107|45	114|55
木盘子	7[1]	002|13	009|23	016|63	023|73	030|68	037|28	044|17	051|27	058|67	065|77	072|16	079|76	086|00	093|00
棉花糖	5[1]
瓜皮	15[2]
处女座	30[2]
油灯	12[3]
狮子座	35[3]
