轨道版本号=v4.21
注释=
人物1位置=51
人物2位置=31
魔塔层数=0
退出时间=0
卡槽数=13
宝石	120[0]
铲子	1[0]
小火炉	7[3]极	002|11	012|21	000|61	000|71	000|12	000|22	000|32	000|52	000|62	000|72	000|13	000|23	000|33	000|53	000|63	000|73
海星	7[3]补极	020|48	000|29	000|38	000|58	000|79	000|19	000|69	000|47	000|37	000|57	000|28	000|18	000|68	000|78	000|46	000|45	000|44	000|43	000|42
冰激凌	42[5]
糖葫芦	7[3]
木盘子	4[1]补极	000|29	000|69	000|79	000|19
棉花糖	5[1]
瓜皮	15[2]补极	040|29	000|79	000|19	000|69
处女座	30[2]
开水壶	29[3]
油灯	7[3]
狮子座	35[3]
布丁	7[3]补极	060|41
咖啡粉	7[4]
