轨道版本号=v4.21
注释=
人物1位置=11
人物2位置=71
魔塔层数=0
退出时间=0
卡槽数=13
宝石	120[0]
铲子	0[0]
小火炉	7[3]	002|21	009|31	016|41	023|51	030|61	037|12	044|22	051|62	058|72	065|13	072|23	079|33	086|43	093|53	100|63	107|73
海星	7[3]	003|19	010|79	017|48	024|47	031|46	038|45	045|44	052|38	059|58	066|37	073|57	080|17	087|27	094|67	101|77	108|36	115|56	122|16	129|26	136|66	143|76	150|35	157|55	164|15	171|25	178|65	185|75	192|34	199|54	206|14	213|24	220|64	227|74
冰激凌	42[5]
糖葫芦	7[3]
木盘子	7[1]	002|19	009|79	016|17	023|27	030|67	037|77	044|16	051|26	058|66	065|76	072|15	079|25	086|65	093|75
棉花糖	5[1]
瓜皮	15[2]	003|19
处女座	30[2]	010|79
开水壶	29[3]
油灯	12[3]
狮子座	35[3]
布丁	7[3]
咖啡粉	7[4]
