轨道版本号=v4.21
注释=
人物1位置=34
人物2位置=35
魔塔层数=0
退出时间=0
卡槽数=13
宝石	120[0]
铲子	0[0]
小火炉	7[3]补极	002|13	012|23	019|31	026|41	033|51	040|61	047|32	054|42	061|52	068|62	075|33	082|43	089|53	096|63	000|59	000|49	000|39	000|29	000|28	000|38	000|48	000|27	000|37	000|47
海星	7[3]补极	031|45	051|74	058|16	086|64	000|26	000|54	000|36	000|44	000|46
冰激凌	42[5]x独	071|36
糖葫芦	7[3]补极	044|14	095|76	000|15	000|75	000|24	000|66	000|25	000|65	000|77	000|67	000|55	000|56
木盘子	7[1]
棉花糖	5[1]
瓜皮	15[2]补极	079|36	000|26	000|66	000|76	000|16	000|46	000|56	000|15	000|25	000|35	000|45	000|55	000|65	000|75
处女座	30[2]补极	083|66	000|76	000|36	000|26	000|16	000|46	000|56	000|15	000|25	000|35	000|45	000|55	000|65	000|75
开水壶	7[3]
油灯	12[3]
狮子座	35[3]独	071|36	075|66
布丁	7[3]
咖啡粉	7[4]
