轨道版本号=v4.21
注释=
人物1位置=71
人物2位置=11
魔塔层数=0
退出时间=0
卡槽数=12
宝石	120[0]
铲子	0[0]独	028|13	043|23	058|63	073|14	073|12	088|32	103|24	103|33
小火炉	7[3]极独	002|13	011.5|14	019.5|23	027|24	035|63	042|72	050|12	057|52	065|32	072|42	080|43	087|64	095|74	102|33	110|53	117|22	125|62	132|00	140|00
海星	7[3]补极独	030|46	000|31	000|51	000|47	000|44	000|67	000|48	000|27	000|77	000|17	000|36	000|37	000|57	000|56	000|38	000|58	000|45
冰沙	33[5]
糖葫芦	7[3]补极独	140|21	000|61
木盘子	7[1]
棉花糖	5[1]
瓜皮	15[2]
处女座	30[2]
开水壶	7[3]
油灯	12[3]补极独	060|73
狮子座	35[3]
酒瓶	27[3]
--第1波--
宝石	120[0]
铲子	0[0]独继
小火炉	7[3]补极独	000|13	000|14	000|23	000|24	000|63	000|72	000|12	000|52	000|32	000|64	000|74	000|22	000|62	000|42	000|54	000|43	000|34	000|33	000|53
海星	7[3]补极继
冰沙	33[5]
糖葫芦	7[3]补极继
木盘子	7[1]
棉花糖	5[1]
瓜皮	15[2]
处女座	30[2]
开水壶	7[3]
油灯	12[3]继
狮子座	35[3]
酒瓶	27[3]
--第2波--
宝石	120[0]
铲子	0[0]独	002|21	006|31	010|51	065|12	070|72	075|13	080|14	085|74	090|23	095|63	100|32	100|24	110|22	110|43	115|52	115|64	125|42	125|62	130|54
小火炉	7[3]补极独	000|33	000|53	000|34
海星	7[3]补极独	000|46	000|47	000|44	000|48	000|27	000|67	000|17	000|77	000|38	000|58	000|55	000|45	000|36	000|37	000|43	000|57	000|35	000|18	000|78	000|54	000|32	000|42	000|52	000|56	000|28	000|68
冰沙	33[5]
糖葫芦	7[3]补极独	003|21	000|61	000|12	000|72	000|13	000|74	000|14	000|23	000|63	000|22	000|62	000|24	000|64
木盘子	7[1]
棉花糖	5[1]
瓜皮	15[2]
处女座	30[2]
开水壶	7[3]
油灯	12[3]继
狮子座	35[3]
酒瓶	27[3]
--第4波--
宝石	120[0]
铲子	0[0]独	002|33	004|46	006|56	006|36	009|53
小火炉	7[3]补极独	000|34
海星	7[3]补极独	000|47	000|45	000|44	000|48	000|27	000|67	000|17	000|77	000|38	000|58	000|55	000|37	000|57	000|43	000|35	000|54	000|32	000|42	000|52	000|78	000|18
冰沙	33[5]
糖葫芦	7[3]补极独	000|21	000|61	000|12	000|72	000|13	000|74	000|14	000|23	000|63	000|22	000|62	000|24	000|64	000|33	000|53
木盘子	7[1]
棉花糖	5[1]
瓜皮	15[2]
处女座	30[2]
开水壶	7[3]
油灯	12[3]继
狮子座	35[3]
酒瓶	27[3]
--第4.1波--
宝石	120[0]
铲子	0[0]独	005|45
小火炉	7[3]补极独	000|34
海星	7[3]补极独	003|47	000|44	000|48	000|46	000|27	000|67	000|17	000|77	000|36	000|38	000|58	000|55	000|37	000|57	000|43	000|35	000|54	000|32	000|42	000|52	000|56	000|18	000|78
冰沙	33[5]
糖葫芦	7[3]补极独	000|21	000|61	000|12	000|72	000|13	000|74	000|14	000|23	000|63	000|22	000|62	000|24	000|64	000|33	000|53
木盘子	7[1]
棉花糖	5[1]
瓜皮	15[2]
处女座	30[2]
开水壶	7[3]
油灯	12[3]继
狮子座	35[3]
酒瓶	27[3]
--第5波--
宝石	120[0]
铲子	0[0]独	002|42	002|12	002|13	002|14	002|72	002|74	002|23	002|24	020|55
小火炉	7[3]补极独	000|41	000|51	000|31	000|21	000|72	000|61	000|12	000|23	000|13	000|24	000|14	000|74
海星	7[3]补极独	000|39	000|59	000|48	000|47	000|45	000|37	000|36	000|58	000|57	000|46	000|44	000|43	000|67	000|27	000|17	000|77
冰沙	33[5]
糖葫芦	7[3]补
木盘子	7[1]
棉花糖	5[1]
瓜皮	15[2]
处女座	30[2]
开水壶	7[3]
油灯	12[3]继
狮子座	35[3]
酒瓶	31[3]独	037.5|49	068.5|49
