轨道版本号=v4.21
注释=
人物1位置=53
魔塔层数=0
退出时间=0
卡槽数=10
宝石	120[0]
铲子	0[0]
木盘子	7[1]
小火炉	7[3]补极	000|75	000|65	000|55	000|25	000|15	000|18	000|28	000|38	000|48	000|58	000|68	000|78
酒杯灯	7[3]
冰激凌	42[5]补极,0,0,325	000|24
瓜皮	15[2]
开水壶	29[3]
刺梨	7[3]补极,0,0,450	000|19	000|29	000|39	000|49	000|59	000|69	000|79
年糕蟹	37[3]补极	000|24	000|44	000|64	000|74	000|34	000|14
鱼刺	7[3]补极,0,0,450	000|19	000|29	000|39	000|49	000|59	000|69	000|79
咖啡粉	7[4]
--第1波--
宝石	120[0]继
铲子	0[0]继
木盘子	7[1]继
小火炉	7[3]补极	000|18	000|28	000|38	000|48	000|58	000|68	000|78
酒杯灯	7[3]
冰激凌	42[5]继
瓜皮	15[2]继
开水壶	29[3]
刺梨	7[3]继
年糕蟹	37[3]补极继
鱼刺	7[3]继
咖啡粉	7[4]继
--第2波--
宝石	120[0]继
铲子	0[0]继
木盘子	7[1]继
小火炉	7[3]补
酒杯灯	7[3]
冰激凌	42[5]继
瓜皮	15[2]继
开水壶	29[3]
刺梨	7[3]继
年糕蟹	37[3]补极继
鱼刺	7[3]继
咖啡粉	7[4]继
