轨道版本号=v4.21
注释=
人物1位置=11
人物2位置=71
魔塔层数=0
退出时间=0
卡槽数=12
宝石	120[0]
铲子	0[0]	002|12	002|22	002|32	002|42	002|52	002|62	002|72
小火炉	7[3]	002|21	012|31	019|41	026|51	033|61	040|12	047|22	054|32	061|42	068|52	075|62	082|72	089|14	096|24	103|34	110|44	117|54	124|64	131|74
海星	7[3]	020|78	027|58	034|38	041|18	048|68	055|48	062|28	069|17	076|27	083|37	090|47	097|57	104|67	111|77	118|16	125|26	132|36	139|46	146|56	153|66	160|76
冰激凌	42[5]
糖葫芦	7[3]
木盘子	7[1]
棉花糖	5[1]
瓜皮	15[2]
处女座	30[2]
开水壶	7[3]
油灯	12[3]
狮子座	35[3]
布丁	7[3]
