轨道版本号=v4.6
注释=
人物1位置=11
人物2位置=71
魔塔层数=0
退出时间=0
刷技能模式=0
优先队列=
卡槽数=11
宝石	120[0]
铲子	0[0]
咖啡粉	7[4]
小火炉	7[3]补极	000|21	000|31	000|51	000|61	000|12	000|22	000|32	000|52	000|62	000|72	000|13	000|73	000|14	000|24	000|34	000|54	000|64	000|74	000|15	000|25	000|35	000|55	000|65	000|75
海星	7[3]补极	000|78	000|58	000|38	000|18	000|68	000|48	000|28	000|42	000|43	000|44	000|45	000|46	000|47	000|17	000|27	000|67	000|77
冰激凌	42[5]极,0,0,0,,,0,,0,,,小火炉	005|21
糖葫芦	7[3]补极,0,0,500,,狮子座,2	000|23	000|63	000|33	000|53
木盘子	7[1]
麦芽糖	7[1]
瓜皮	15[2]
处女座	30[2]
布丁	7[3]补极	090|41
狮子座	35[3]补极	000|37	000|57
--第3波--
宝石	120[0]
铲子	0[0]
咖啡粉	7[4]
小火炉	7[3]补极继
海星	7[3]补极	000|42	000|43	000|44	000|45	000|46	000|47	000|48
冰激凌	42[5]极继,0,0,0,,,0,,0,,,小火炉
糖葫芦	7[3]补,0,0,500
木盘子	7[1]
麦芽糖	7[1]
瓜皮	15[2]
处女座	30[2]
布丁	7[3]补极继
狮子座	35[3]补
