轨道版本号=v4.9.4
注释=
人物1位置=14
人物2位置=74
魔塔层数=0
退出时间=0
刷技能模式=0
优先队列=
卡槽数=11
宝石	120[0]
铲子	0[0]独	004|11	004|21	004|31	004|41	004|51	004|61	004|71	006|24	006|34	006|54	006|64	006|73	006|74	006|11	012|21	012|31	012|41	012|51	014|61	014|71	014|13	016|24	016|34	016|54	018|64	018|73	018|74	018|00
咖啡粉	7[4]
小火炉	7[3]补极	000|12	000|22	000|32	000|42	000|52	000|62	000|72	000|23	000|33	000|43	000|53	000|63
海星	7[3]补极,0,0,200	000|47	000|49	000|46	000|44	000|17	000|77	000|57	000|37	000|59	000|39	000|69	000|29	000|45	000|26	000|36	000|56	000|66
冰激凌	42[5]
糖葫芦	7[3]
木盘子	7[1]补极	000|46	000|17	000|37	000|47	000|57	000|77	000|49	000|59	000|39	000|69	000|29	000|26	000|36	000|56	000|66	000|45
麦芽糖	7[1]
瓜皮	15[2]补极	035|49	000|59	000|39	000|69	000|29
处女座	30[2]
油灯	12[3]
狮子座	35[3]
