轨道版本号=v4.9.4
注释=
人物1位置=23
人物2位置=63
魔塔层数=0
退出时间=0
刷技能模式=0
优先队列=海星,海星,狮子座,狮子座
卡槽数=13
宝石	120[0]
铲子	0[0]
咖啡粉	7[4]
小火炉	7[3]补极绝	000|31	000|41	000|51	000|13	000|43	000|53	000|73	000|24	000|34	000|44	000|54	000|64	000|14	000|74	000|16	000|76	000|18	000|78
海星	7[3]补极,0,0,200	000|46	000|48	000|47	000|38	000|58	000|45	000|15	000|25	000|35	000|55	000|65	000|75	000|36	000|56
糖葫芦	7[3]补
瓜皮	15[2]补极	000|11	000|21	000|31	000|41	000|51	000|61	000|71	000|12	000|22	000|32	000|42	000|52	000|62	000|72	000|13	000|23	000|33	000|43	000|53	000|63	000|73	000|14	000|24	000|34	000|44	000|54	000|64	000|74	000|15	000|25	000|35	000|45	000|55	000|65	000|75	000|16	000|26	000|36	000|46	000|56	000|66	000|76	000|37	000|47	000|57	000|38	000|48	000|58
布丁	7[3]
狮子座	35[3]补极	000|37	000|57	000|26	000|66
多拿滋	7[3]补极	000|71	000|11	000|61	000|21	000|32	000|42	000|52	000|12	000|22	000|62	000|72
吹风机	50[3]补极绝	000|33	000|27	000|67	000|29	000|39	000|49	000|59	000|69
香肠	7[3]
换气扇	7[3]
鱼刺	7[3]
麻辣串	7[3]
--第3.4波--
宝石	120[0]
铲子	0[0]	001|11	001|24	008|21	008|34	015|31	015|44	022|41	022|54	029|51	029|64	029|61	029|71
咖啡粉	7[4]
小火炉	7[3]补极绝	000|13	000|43	000|53	000|73	000|14	000|74	000|16	000|76	000|18	000|78
海星	7[3]补极,0,0,200	000|46	000|48	000|47	000|38	000|58	000|45	000|15	000|25	000|35	000|55	000|65	000|75	000|36	000|56	000|24	000|34	000|44	000|54	000|64
糖葫芦	7[3]补
瓜皮	15[2]补极继
布丁	7[3]补极	000|11	000|21	000|31	000|41	000|51	000|61	000|71
狮子座	35[3]补极继
多拿滋	7[3]补极	000|32	000|42	000|52	000|12	000|22	000|62	000|72
吹风机	50[3]补极绝继
香肠	7[3]
换气扇	7[3]
鱼刺	7[3]
麻辣串	7[3]
--第4波--
宝石	120[0]
铲子	7[0]	001|37	008|57	015|26	022|66
咖啡粉	7[4]
小火炉	7[3]补极绝	000|13	000|43	000|53	000|73	000|14	000|74	000|16	000|76	000|18	000|78
海星	7[3]补极,0,0,200	000|48	000|38	000|58	000|27	000|37	000|47	000|57	000|67	000|26	000|36	000|46	000|56	000|66	000|15	000|25	000|35	000|45	000|55	000|65	000|75	000|24	000|34	000|44	000|54	000|64
糖葫芦	7[3]补
瓜皮	15[2]补极	000|38	000|48	000|58	000|27	000|37	000|47	000|57	000|67	000|16	000|26	000|36	000|46	000|56	000|66	000|76
布丁	7[3]继
狮子座	35[3]补
多拿滋	7[3]补极继
吹风机	50[3]补极绝继
香肠	7[3]
换气扇	7[3]
鱼刺	7[3]
麻辣串	7[3]
