轨道版本号=v4.6.2
注释=
人物1位置=43
魔塔层数=0
退出时间=0
刷技能模式=0
优先队列=吹风机,防风草,海星,海星,吹风机,海星,防风草,狮子座,冰沙,海星,防风草
卡槽数=13
宝石	120[0]
铲子	0[0]独
咖啡粉	7[4]
小火炉	7[3]补极绝独	000|21	000|31	000|51	000|61	000|22	000|32	000|52	000|62	000|23	000|24	000|34	000|64	000|74	000|65	000|75	000|25	000|11	000|12	000|71	000|16
海星	7[3]补极独	000|41	000|63	000|66	000|57	000|47	000|77	000|27	000|38	000|28	000|48	000|15	000|36	000|76	000|58	000|68	000|14	000|26
冰沙	33[5]极独,0,0,200
糖葫芦	7[3]补极独,0,0,450	000|54	000|13	000|73
木盘子	7[1]
麦芽糖	7[1]
瓜皮	15[2]补极独,0,0,325	000|37	000|56	000|33	000|53	000|28	000|38	000|48	000|58	000|17	000|27	000|47	000|57	000|67	000|77	000|16	000|26	000|66	000|76	000|15	000|25	000|65	000|75	000|14	000|24	000|64	000|74	000|13	000|23	000|43	000|63	000|73	000|12	000|22	000|32	000|42	000|52	000|62	000|72	000|11	000|21	000|31	000|41	000|51	000|61	000|71	000|68	000|36	000|54
处女座	30[2]补极独,0,0,775	000|37	000|56	000|33	000|53	000|28	000|38	000|48	000|58	000|17	000|27	000|47	000|57	000|67	000|77	000|16	000|26	000|66	000|76	000|15	000|25	000|65	000|75	000|14	000|24	000|64	000|74	000|13	000|23	000|43	000|63	000|73	000|12	000|32	000|42	000|52	000|62	000|72	000|11	000|31	000|41	000|51	000|21	000|61	000|22	000|71	000|68	000|36	000|34	000|54
布丁	7[3]
狮子座	35[3]补极,0,0,525	000|67	000|17
防风草	10[3]补极独,0,0,150	000|42	000|56	000|37	000|33	000|53
吹风机	7[3]补极绝,0,0,100	000|72	000|18	000|78	000|29	000|39	000|49	000|59	000|69
--第2波--
宝石	120[0]
铲子	7[0]独	001|42	001|34	008|11	015|71	022|22	029|62
咖啡粉	7[4]
小火炉	7[3]补极绝独	000|21	000|31	000|51	000|61	000|12	000|32	000|42	000|52	000|72	000|23	000|24	000|64	000|74	000|65	000|75	000|25	000|16
海星	7[3]补极独	000|41	000|63	000|66	000|57	000|47	000|77	000|27	000|38	000|28	000|48	000|15	000|36	000|76	000|58	000|68	000|14	000|26
冰沙	33[5]极独继,0,0,200
糖葫芦	7[3]补极独继,0,0,450
木盘子	7[1]
麦芽糖	7[1]
瓜皮	15[2]补极独继,0,0,325
处女座	30[2]补极独继,0,0,775
布丁	7[3]补极	000|11	000|71	000|22	000|62
狮子座	35[3]补极继,0,0,525
防风草	10[3]补极独,0,0,150	000|56	000|37	000|33	000|53
吹风机	7[3]补极绝,0,0,100	000|34	000|18	000|78	000|29	000|39	000|49	000|59	000|69
--第3波--
宝石	120[0]
铲子	7[0]独	001|12	008|25	015|65	022|75
咖啡粉	7[4]
小火炉	7[3]补极绝独	000|21	000|31	000|51	000|61	000|32	000|42	000|52	000|72	000|23	000|24	000|64	000|74	000|16
海星	7[3]补极独	000|41	000|63	000|66	000|57	000|47	000|77	000|27	000|38	000|28	000|48	000|15	000|36	000|76	000|58	000|68	000|14	000|26	000|12	000|25	000|65	000|75
冰沙	33[5]极独继,0,0,200
糖葫芦	7[3]补极独继,0,0,450
木盘子	7[1]
麦芽糖	7[1]
瓜皮	15[2]补极独继,0,0,325
处女座	30[2]补极独继,0,0,775
布丁	7[3]补极继
狮子座	35[3]补极继,0,0,525
防风草	10[3]补极独继,0,0,150
吹风机	7[3]补极绝继,0,0,100
--第6波--
宝石	120[0]
铲子	7[0]独	001|21	008|31	015|51	022|61
咖啡粉	7[4]
小火炉	7[3]补极绝独	000|32	000|42	000|52	000|72	000|23	000|24	000|64	000|74	000|16
海星	7[3]补极独,0,0,375	000|47	000|48	000|58	000|38	000|41	000|28	000|68	000|57	000|27	000|63	000|77	000|66	000|15	000|25	000|36	000|76	000|21	000|31	000|51	000|61	000|14	000|65	000|75	000|12	000|26
冰沙	33[5]极独继,0,0,200
糖葫芦	7[3]补极独继,0,0,450
木盘子	7[1]
麦芽糖	7[1]
瓜皮	15[2]补极独继,0,0,325
处女座	30[2]补极独继,0,0,775
布丁	7[3]补继
狮子座	35[3]补极继,0,0,525
防风草	10[3]补极独继
吹风机	7[3]补继
