轨道版本号=v4.6.2
注释=
人物1位置=23
人物2位置=63
魔塔层数=0
退出时间=0
刷技能模式=0
优先队列=吹风机,海星,糖葫芦
卡槽数=13
宝石	120[0]
铲子	0[0]
咖啡粉	30[4]补独	090|47	120|00	124|00	154|00	158|00	188|00	192|00	222|00	226|00	256|00	260|00	290|00	294|00	324|00	328|00	358|00	362|00	392|00	396|00	426|00	430|00	460|00	464|00	494|00	498|00	528|00	532|00	562|00	566|00	596|00
小火炉	7[3]补极绝独	000|11	000|21	000|31	000|51	000|61	000|12	000|24	000|64	000|25	000|35	000|45	000|55	000|65	000|26	000|36	000|56	000|66	000|37	000|57	000|48
海星	7[3]补极独,0,0,200	000|41	000|14	000|74	000|16	000|76	000|46	000|17	000|77	000|28	000|78	000|18	000|68	000|15	000|75
冰沙	34[5]独	052|00	086|00	120|00	154|00	188|00	222|00	256|00	290|00	324|00	358|00	392|00	426|00	460|00	494|00	528|00	562|00	596|00	630|00	664|00	698|00	732|00	766|00	800|00	834|00	868|00	902|00	936|00
糖葫芦	7[3]补极独,0,0,400	000|22	000|62	000|34	000|44	000|54
木盘子	7[1]
麦芽糖	7[1]极绝	000|13	000|23	000|33	000|43	000|53	000|63	000|73	000|16	000|26	000|36	000|46	000|56	000|66	000|76	000|19	000|29	000|39	000|49	000|59	000|69	000|79	000|13	000|23	000|33	000|43	000|53	000|63	000|73	000|16	000|26	000|36	000|46	000|56	000|66	000|76	000|19	000|29	000|39	000|49	000|59	000|69	000|79	000|13	000|23	000|33	000|43	000|53	000|63	000|73	000|16	000|26	000|36	000|46	000|56	000|66	000|76	000|19	000|29	000|39	000|49	000|59	000|69	000|79	000|13	000|23	000|33	000|43	000|53	000|63	000|73	000|16	000|26	000|36	000|46	000|56	000|66	000|76	000|19	000|29	000|39	000|49	000|59	000|69	000|79	000|13	000|23	000|33	000|43	000|53	000|63	000|73	000|16	000|26	000|36	000|46	000|56	000|66	000|76	000|19	000|29	000|39	000|49	000|59	000|69	000|79	000|13	000|23	000|33	000|43	000|53	000|63	000|73	000|16	000|26	000|36	000|46	000|56	000|66	000|76	000|19	000|29	000|39	000|49	000|59	000|69	000|79	000|13	000|23	000|33	000|43	000|53	000|63	000|73	000|16	000|26	000|36	000|46	000|56	000|66	000|76	000|19	000|29	000|39	000|49	000|59	000|69	000|79	000|13	000|23	000|33	000|43	000|53	000|63	000|73	000|16	000|26	000|36	000|46	000|56	000|66	000|76	000|19	000|29	000|39	000|49	000|59	000|69	000|79
瓜皮	15[2]补极独	070|37	000|57	000|17	000|77	000|47	000|28	000|68	000|18	000|78	000|48
处女座	30[2]独
布丁	7[3]补极	090|13	000|73
吹风机	60[3]补极独,0,0,100	000|71	000|72	000|79	000|19
多拿滋	7[3]补极独	122|32	000|42	000|52	000|33	000|43	000|53
开水壶	30[3]补独	090|47	120|00	124|00	154|00	158|00	188|00	192|00	222|00	226|00	256|00	260|00	290|00	294|00	324|00	328|00	358|00	362|00	392|00	396|00	426|00	430|00	460|00	464|00	494|00	498|00	528|00	532|00	562|00	566|00	596|00
--第4波--
宝石	120[0]
铲子	0[0]独	002|15	002|75	002|11	009|21	016|31	023|51	030|61	037|12	044|24	051|64	058|13	065|73	072|35	079|45	086|55
咖啡粉	7[4]
小火炉	7[3]补极	000|15	000|25	000|65	000|75	000|26	000|36	000|56	000|66	000|37	000|48	000|57
海星	7[3]补极	000|14	000|41	000|74	000|16	000|76	000|46	000|17	000|77	000|28	000|78	000|18	000|68
冰沙	33[5]继
糖葫芦	7[3]补极	003|22	000|62	000|34	000|44	000|54	000|11	000|21	000|31	000|51	000|61	000|12	000|72	000|24	000|64	000|13	000|73	000|35	000|45	000|55
木盘子	7[1]
麦芽糖	7[1]极继
瓜皮	15[2]补
处女座	30[2]补
布丁	7[3]继
吹风机	60[3]补继
多拿滋	7[3]补继
开水壶	30[3]
