轨道版本号=v4.6.2
注释=
人物1位置=11
人物2位置=71
魔塔层数=0
退出时间=0
刷技能模式=0
优先队列=海星,海星,狮子座,冰激凌,狮子座
卡槽数=12
宝石	120[0]
铲子	0[0]
咖啡粉	7[4]	000|57
小火炉	7[3]补极绝	000|12	000|22	000|32	000|42	000|62	000|72	000|21	000|31	000|41	000|61	000|13	000|23	000|33	000|43	000|63	000|73	000|14	000|24	000|34	000|44	000|64	000|74	000|15	000|25	000|35	000|45	000|65	000|75
海星	7[3]补极,0,0,200	000|46	000|48	000|68	000|28	000|78	000|58	000|38	000|18	000|47	000|76	000|56	000|26	000|16	000|55	000|54	000|53	000|52
冰激凌	42[5]补极	000|36
糖葫芦	7[3]
木盘子	7[1]
麦芽糖	7[1]
瓜皮	15[2]
处女座	30[2]
油灯	12[3]
狮子座	35[3]补极	000|36	000|66
布丁	7[3]补极独	050|51
