轨道版本号=v4.6.2
注释=
人物1位置=34
人物2位置=54
魔塔层数=0
退出时间=0
刷技能模式=0
优先队列=海星,海星,糖葫芦,狮子座
卡槽数=12
宝石	120[0]
铲子	7[0]
咖啡粉	7[4]	000|27	000|63	000|67	000|23
小火炉	7[3]补极绝	000|11	000|21	000|31	000|51	000|42	000|43	000|44	000|15	000|25	000|35	000|55	000|65	000|75	000|16	000|26	000|36	000|46	000|32	000|56	000|76	000|73	000|12	000|22	000|52	000|62
海星	7[3]补极,0,0,200	000|45	000|47	000|48	000|28	000|68	000|66	000|38	000|58	000|77	000|17	000|78
冰激凌	50[5]独	062|27	112|63	162|67	212|23	262|27	312|63	362|67	412|23	462|00	512|00	562|00	612|00	662|00	712|00	762|00	812|00	862|00	912|00
糖葫芦	7[3]补极	000|13	000|33	000|53	000|14	000|24	000|64	000|74
木盘子	7[1]补极	000|27	000|77	000|13	000|24	000|63	000|74	000|66	000|16
麦芽糖	7[1]
瓜皮	15[2]
处女座	30[2]
油灯	12[3]补极绝	018|41
狮子座	35[3]补极	000|37	000|57
炸炸菇	12[3]独	062|27	074|27	112|63	124|63	162|67	174|67	212|23	224|23	262|27	274|27	312|63	324|63	362|67	374|67	412|23	424|23	462|27	512|27	562|63	612|63	662|67	712|67	762|23	812|23	862|27	912|27	000|63	000|63	000|67	000|67	000|23	000|23
--第3波--
宝石	120[0]
铲子	7[0]独	001|11	008|21	015|31	022|51	029|42	036|43
咖啡粉	7[4]
小火炉	7[3]补极绝	000|32	000|22	000|12	000|44	000|15	000|25	000|35	000|55	000|65	000|75	000|16	000|26	000|36	000|46	000|56	000|76	000|52	000|62	000|73
海星	7[3]补极继,0,0,200
冰激凌	42[5]极继
糖葫芦	7[3]补极独	003|13	000|33	000|53	000|14	000|24	000|64	000|74	000|11	000|21	000|31	000|51	000|42	000|43
木盘子	7[1]补极继
麦芽糖	7[1]
瓜皮	15[2]
处女座	30[2]
油灯	12[3]补极绝继
狮子座	35[3]补极继
炸炸菇	50[3]独继
