轨道版本号=v4.6.2
注释=
人物1位置=25
魔塔层数=0
退出时间=0
刷技能模式=0
优先队列=
卡槽数=9
宝石	120[0]
铲子	0[0]
咖啡粉	7[4]
小火炉	7[3]
冰激凌	42[5]
木盘子	7[1]
麦芽糖	7[1]
瓜皮	15[2]补极	000|47	000|17	000|77	000|19	000|79
布丁	7[3]
炸炸菇	7[3]独	044|34	050|34	084|22	090|22	124|34	130|34	164|34	170|34	204|22	210|22	244|34	250|34	284|34	290|34	324|22	330|22	364|34	370|34	404|34	410|34	444|22	450|22	484|34	490|34	524|34	530|34	564|22	570|22	604|34	610|34	644|34	650|34	684|22	690|22	724|34	730|34
面粉袋	30[3]
--第7波--
宝石	120[0]
铲子	0[0]
咖啡粉	7[4]
小火炉	7[3]
冰激凌	42[5]
木盘子	7[1]
麦芽糖	7[1]
瓜皮	15[2]补	000|47	000|28	000|38	000|58	000|68
布丁	7[3]补极	000|41
炸炸菇	7[3]独继
面粉袋	30[3]
--第8.1波--
宝石	120[0]
铲子	0[0]
咖啡粉	7[4]
小火炉	7[3]
冰激凌	42[5]
木盘子	7[1]
麦芽糖	7[1]
瓜皮	15[2]补继
布丁	7[3]补极继
炸炸菇	7[3]独继
面粉袋	30[3]补极独,0,0,0,,,0,帽子,1	012|46
