轨道版本号=v4.9.4
注释=
人物1位置=14
人物2位置=24
魔塔层数=0
退出时间=0
刷技能模式=0
优先队列=海星,海星,海星,海星,狮子座,海星,海星,狮子座,糖葫芦
卡槽数=13
宝石	120[0]
铲子	0[0]
炸炸菇	60[4]独	090|22	093|27	150|42	153|27	210|22	213|27	270|42	273|27	330|22	333|27	390|42	393|27	450|22	453|27	510|42	513|27	570|22	573|27	630|42	633|27	690|22	693|27	750|42	753|27	810|00	870|00	930|00
小火炉	7[3]补极绝独	001|13	012|23	000|63	000|12	000|21	000|41	000|53	000|43	000|54	000|64	000|74	000|31	000|32	000|33	000|61	000|71
海星	7[3]补极	000|58	000|38	000|28	000|52	000|78	000|18	000|47	000|66	000|46	000|56	000|76	000|16	000|26
冰沙	60[5]独	089|00	149|00	209|00	269|00	329|00	389|00	449|00	509|00	569|00	629|00	689|00	749|00	809|00	869|00	929|00
糖葫芦	7[3]补极,0,0,400	040|17	000|75	000|55
木盘子	7[1]
麦芽糖	7[1]极	000|19	000|29	000|39	000|49	000|59	000|69	000|79	000|19	000|29	000|39	000|49	000|59	000|69	000|79	000|19	000|29	000|39	000|49	000|59	000|69	000|79	000|19	000|29	000|39	000|49	000|59	000|69	000|79	000|19	000|29	000|39	000|49	000|59	000|69	000|79	000|19	000|29	000|39	000|49	000|59	000|69	000|79	000|19	000|29	000|39	000|49	000|59	000|69	000|79	000|19	000|29	000|39	000|49	000|59	000|69	000|79	000|19	000|29	000|39	000|49	000|59	000|69	000|79	000|19	000|29	000|39	000|49	000|59	000|69	000|79	000|19	000|29	000|39	000|49	000|59	000|69	000|79	000|19	000|29	000|39	000|49	000|59	000|69	000|79	000|19	000|29	000|39	000|49	000|59	000|69	000|79	000|19	000|29	000|39	000|49	000|59	000|69	000|79	000|19	000|29	000|39	000|49	000|59	000|69	000|79	000|19	000|29	000|39	000|49	000|59	000|69	000|79	000|19	000|29	000|39	000|49	000|59	000|69	000|79	000|19	000|29	000|39	000|49	000|59	000|69	000|79	000|19	000|29	000|39	000|49	000|59	000|69	000|79	000|19	000|29	000|39	000|49	000|59	000|69	000|79
瓜皮	15[2]补极,0,0,300	000|58	000|38	000|28	000|78	000|18	000|14	000|24	000|44	000|46
处女座	30[2]补极,0,0,500	000|44	000|46
扑克牌	25[2]补极绝,0,0,0,,海星,1	000|63	000|41	000|11	000|21	000|52	000|72	000|57	000|43	000|17	000|53	000|47	000|66	000|37	000|42	000|22	000|74	000|64	000|54	000|75	000|65	000|27	000|67	000|48	000|31	000|32	000|33	000|55	000|76	000|56	000|23	000|13	000|12	000|16	000|26	000|71	000|61	000|78	000|58	000|18	000|28	000|38
油灯	12[3]补极绝,0,0,50	040|44
狮子座	35[3]补极	080|57	000|37
布丁	7[3]
--第1波--
宝石	120[0]
铲子	0[0]
炸炸菇	60[4]独继
小火炉	7[3]补极独继,0,0,175
海星	7[3]补极继,0,0,325
冰沙	60[5]独继
糖葫芦	7[3]补极继,0,0,400
木盘子	7[1]
麦芽糖	7[1]继
瓜皮	15[2]补极,0,0,300	000|14	000|24	000|44	000|46
处女座	30[2]补极,0,0,500	000|14	000|24	000|44	000|46
扑克牌	25[2]补极继,0,0,280,,海星,1
油灯	12[3]补极继,0,0,175
狮子座	35[3]补极继,0,0,500
布丁	7[3]
--第3波--
宝石	120[0]
铲子	0[0]	001|32
炸炸菇	60[4]独继
小火炉	7[3]补极绝独	000|13	000|23	000|63	000|43	000|21	000|41	000|12	000|53	000|54	000|64	000|74	000|31	000|33	000|61	000|71
海星	7[3]补极,0,0,275	000|32	000|52	000|28	000|38	000|58	000|78	000|18	000|47	000|66	000|46	000|56	000|76	000|16	000|26
冰沙	60[5]独继
糖葫芦	7[3]补极继,0,0,400
木盘子	7[1]
麦芽糖	7[1]继
瓜皮	15[2]补极绝继,0,0,300
处女座	30[2]补极绝继,0,0,500
扑克牌	25[2]补极绝继,0,0,0,,海星,1
油灯	12[3]补极绝继,0,0,50
狮子座	35[3]补极继
布丁	7[3]
--第4波--
宝石	120[0]
铲子	0[0]	001|12
炸炸菇	60[4]独继
小火炉	7[3]补极绝独	000|13	000|23	000|63	000|43	000|21	000|41	000|53	000|54	000|64	000|74	000|31	000|33	000|61	000|71
海星	7[3]补极,0,0,275	000|22	000|32	000|42	000|52	000|28	000|38	000|58	000|78	000|18	000|47	000|66	000|46	000|56	000|76
冰沙	60[5]独继
糖葫芦	7[3]补极继,0,0,400
木盘子	7[1]
麦芽糖	7[1]继
瓜皮	15[2]补极绝,0,0,300	000|28	000|38	000|58	000|78	000|18	000|17	000|14	000|24	000|44	000|46
处女座	30[2]补极绝,0,0,500	000|17	000|44	000|46
扑克牌	25[2]补极绝	000|12	000|22	000|32	000|42	000|52	000|63	000|41	000|11	000|21	000|72	000|43	000|53	000|47	000|66	000|37	000|57	000|74	000|64	000|54	000|75	000|65	000|27	000|67	000|48	000|31	000|33	000|55	000|23	000|13	000|76	000|56	000|16	000|26	000|78	000|58	000|17	000|18	000|28	000|38	000|71	000|61
油灯	12[3]补极绝继,0,0,50
狮子座	35[3]补
布丁	7[3]补极	000|12
