轨道版本号=v4.1
注释=
人物1位置=54
魔塔层数=0
退出时间=0
卡槽数=7
宝石	120[0]
铲子	0[0]	099|61	106|71	113|11	120|21	127|31	131|57	132|37	133|33	140|23	147|13	154|73	161|63	162|32	163|62	164|72	165|34	166|64	167|74	168|36	169|46	170|56	171|66	172|76	173|24	174|26	175|14	176|16	177|12
小火炉	7[3]	002|61	011|71	018|62	025|72	032|63	039|73	046|64	053|74	060|66	067|76
酒杯灯	7[3]	002|14	021|16	028|24	035|26	042|34	049|36	056|46	063|56
布丁	7[3]	093|51	100|61	107|71	114|11	121|21	128|31	267|42
海星	7[3]	021|48	036|77	043|57	050|37	057|17	064|47	071|75	078|65	085|35	092|15	099|55	106|45	113|25	120|53	127|43	134|33	141|23	148|13	155|73	162|63	169|41	267|12	274|22	281|32	288|52	295|62	302|72	309|00
狮子座	7[3]	024|67	045|27	134|57	137|37
海盐粉	7[3]	091|25	093|22	178|44	180|64	265|34	267|64	354|46	356|76	443|26	445|56
冰激凌	7[5]	032|67	090|25	134|57	177|44	264|34	353|46	442|26
