轨道版本号=v4.6.2
注释=
人物1位置=42
魔塔层数=0
退出时间=0
刷技能模式=0
优先队列=
卡槽数=12
宝石	120[0]
铲子	0[0]
咖啡粉	7[4]
小火炉	7[3]补极独	002|12	012|22	000|32	000|52	000|62	000|72	000|45	000|35	000|15	000|55	000|75	000|27	000|37	000|47	000|57	000|67	000|77	000|17
海星	7[3]
冰沙	33[5]
糖葫芦	7[3]补极独	060|76	000|56	000|46	000|36	000|16
木盘子	7[1]
棉花糖	10[1]
瓜皮	15[2]补极	000|24	000|64	000|27	000|67	000|15	000|35	000|45	000|55	000|75	000|16	000|36	000|46	000|56	000|76	000|17	000|37	000|47	000|57	000|77	000|23	000|63	000|22	000|62	000|21	000|61
处女座	30[2]补极	000|64	000|24	000|27	000|67	000|15	000|35	000|45	000|55	000|75	000|16	000|36	000|46	000|56	000|76	000|17	000|37	000|47	000|57	000|77	000|23	000|63	000|22	000|62	000|21	000|61
油灯	7[3]
鱼刺	7[3]补极	000|66	000|26	000|65	000|25	000|28	000|68	000|18	000|38	000|48	000|58	000|78
多拿滋	7[3]补极	000|61	000|21	000|71	000|51	000|41	000|31	000|11	000|73	000|63	000|53	000|43	000|33	000|23	000|13	000|14	000|24	000|34	000|44	000|54	000|64	000|74
--第1波--
宝石	120[0]
铲子	0[0]独	045|12	050|22	055|32	060|52	060|62	060|72
咖啡粉	7[4]
小火炉	7[3]补极	000|15	000|35	000|45	000|55	000|75	000|27	000|37	000|47	000|57	000|67	000|77	000|17
海星	7[3]
冰沙	33[5]
糖葫芦	7[3]补极独继
木盘子	7[1]
棉花糖	10[1]
瓜皮	15[2]补继
处女座	30[2]补继
油灯	7[3]
鱼刺	7[3]补极	000|25	000|65	000|26	000|66	000|18	000|38	000|48	000|58	000|78	000|28	000|68
多拿滋	7[3]补极	000|21	000|61	000|11	000|31	000|41	000|51	000|71	000|13	000|23	000|33	000|43	000|53	000|63	000|73	000|14	000|24	000|34	000|44	000|54	000|64	000|74	000|12	000|22	000|32	000|52	000|62	000|72
--第2波--
宝石	120[0]
铲子	0[0]独	010|15	025|35	030|45	035|55	040|75
咖啡粉	7[4]
小火炉	7[3]补极	000|27	000|37	000|47	000|57	000|67	000|77	000|17
海星	7[3]
冰沙	33[5]
糖葫芦	7[3]补极	000|16	000|36	000|46	000|56	000|76	000|15	000|35	000|45	000|55	000|75
木盘子	7[1]
棉花糖	10[1]
瓜皮	15[2]补继
处女座	30[2]补继
油灯	7[3]
鱼刺	7[3]补极继
多拿滋	7[3]补极继
--第3波--
宝石	120[0]
铲子	0[0]独	070|17	080|77
咖啡粉	7[4]
小火炉	7[3]补极	000|27	000|37	000|47	000|57	000|67
海星	7[3]
冰沙	33[5]
糖葫芦	7[3]补极独	000|15	000|16	000|17	000|75	000|76	000|77	000|35	000|45	000|55	000|36	000|46	000|56
木盘子	7[1]
棉花糖	10[1]
瓜皮	15[2]补极	000|27	000|67	000|21	000|22	000|61	000|62	000|23	000|24	000|63	000|64	000|15	000|35	000|45	000|55	000|75	000|16	000|36	000|46	000|56	000|76	000|17	000|37	000|47	000|57	000|77
处女座	30[2]补极	000|27	000|67	000|21	000|22	000|61	000|62	000|23	000|24	000|63	000|64	000|15	000|35	000|45	000|55	000|75	000|16	000|36	000|46	000|56	000|76	000|17	000|37	000|47	000|57	000|77
油灯	7[3]
鱼刺	7[3]补极	000|65	000|25	000|28	000|68	000|18	000|38	000|48	000|58	000|78	000|26	000|66
多拿滋	7[3]补极	000|21	000|61	000|11	000|31	000|41	000|51	000|71	000|13	000|23	000|33	000|43	000|53	000|63	000|73	000|14	000|24	000|34	000|44	000|54	000|64	000|74	000|12	000|22	000|32	000|52	000|62	000|72
