轨道版本号=v4.9.4
注释=
人物1位置=51
人物2位置=31
魔塔层数=0
退出时间=0
刷技能模式=0
优先队列=
卡槽数=11
宝石	120[0]
铲子	1[0]
咖啡粉	7[4]
小火炉	7[3]极	000|11	000|21	000|61	000|71	000|12	000|22	000|32	000|52	000|62	000|72	000|13	000|23	000|33	000|53	000|63	000|73	000|14	000|24	000|34	000|54	000|64	000|74
海星	7[3]补极,0,0,200	000|48	000|29	000|38	000|58	000|79	000|19	000|69	000|47	000|37	000|57	000|28	000|18	000|68	000|78	000|46	000|45	000|44	000|43	000|42	000|36	000|56
木盘子	4[1]补极	000|29	000|69	000|79	000|19	000|14	000|24	000|64	000|74
瓜皮	15[2]补极	040|29	000|79	000|19	000|69
布丁	7[3]补极	060|41
香肠	7[3]
换气扇	7[3]
鱼刺	7[3]
木塞子	7[3]
麻辣串	7[3]
