轨道版本号=v4.5
注释=
人物1位置=65
人物2位置=25
魔塔层数=0
退出时间=0
刷技能模式=0
卡槽数=11
宝石	120[0]
铲子	0[0]
咖啡粉	7[4]
小火炉	7[3]补极独	002|62	012|61	000|31	000|55	000|41	000|51	000|12	000|71	000|73	000|13	000|56	000|36	000|54	000|35	000|43	000|45	000|23	000|21	000|11
海星	7[3]补极	016|72	023|17	030|77	037|18	058|78	065|27	072|47	079|67	086|46	093|44	100|38	107|58	114|28	121|48	128|68	135|00	142|00	149|00	156|00	163|00	170|00	177|00
冰激凌	33[5]独	042.5|34	082.5|22	122.5|34	162.5|34	202.5|22	242.5|34	282.5|34	322.5|22	362.5|34	402.5|34	442.5|22	482.5|34	522.5|34	562.5|22	602.5|34	642.5|34	682.5|22	722.5|34	762.5|34
糖葫芦	7[3]补极	030|15	032|14	034|32	070|52	100|74	120|76	140|16	180|63	220|00	260|00	300|00
木盘子	4[1]补极	000|71	000|72	000|73	000|11	000|12	000|13	000|17	000|18	000|77	000|78
麦芽糖	3[1]
瓜皮	15[2]补极	040|17	000|77	000|32	000|52	000|63	000|18	000|78	000|25	000|65	000|14	000|74	000|16	000|76	000|27	000|47	000|67	000|38	000|58	000|28	000|48	000|68
处女座	30[2]补极	060|17	000|77	000|32	000|52	000|63	000|18	000|78	000|25	000|65	000|14	000|74	000|16	000|76	000|47	000|28	000|48	000|68
油灯	12[3]补	020|75	032|00	044|00	068|00	080|00	092|00	104|00	116|00	128|00	140|00	152|00	164|00	188|00	200|00	212|00	224|00	236|00	248|00	260|00	272|00	284|00	296|00	308|00	320|00	332|00	344|00	356|00	368|00	380|00	392|00	404|00	416|00	428|00	440|00	452|00	464|00	476|00	488|00	500|00	512|00	524|00	536|00	548|00	560|00	572|00	584|00	596|00	608|00	620|00	632|00	644|00	656|00	668|00	680|00
炸炸菇	7[3]独	057|34	096|22	136|34	176|34	216|22	256|34	296|34	336|22	376|34	416|34	456|22	496|34	536|34	576|22	616|34	656|34	696|22	736|34
--第8波--
宝石	120[0]
铲子	0[0]
咖啡粉	7[4]
小火炉	7[3]继
海星	7[3]
冰激凌	33[5]
糖葫芦	7[3]
木盘子	4[1]
麦芽糖	3[1]
瓜皮	15[2]
处女座	30[2]
油灯	12[3]
炸炸菇	7[3]
