轨道版本号=v3.9
注释=
人物1位置=36
魔塔层数=0
退出时间=0
卡槽数=7
宝石	120[0]
铲子	0[0]
小火炉	7[3]补极	000|11	000|21	000|31	000|41	000|51	000|61	000|71	000|13	000|73	000|17	000|77	000|36	000|56	000|37	000|57	000|38	000|58	000|39	000|59
海星	10[3]补极独	020|46	000|47	000|48	000|26	000|66	000|27	000|67	000|28	000|68	000|29	000|69	000|49
冰沙	33[5]极	090|71
糖葫芦	7[3]补极	049|14	000|15	000|75
瓜皮	15[2]补极	030|26	000|27	000|28	000|66	000|67	000|68	000|36	000|37	000|38	000|56	000|57	000|58	000|46	000|47	000|48	000|29	000|69	000|49
处女座	30[2]补极	031|26	000|27	000|28	000|66	000|67	000|68	000|36	000|37	000|38	000|56	000|57	000|58	000|46	000|47	000|48	000|29	000|69	000|49
油灯	12[3]补极	050|74
--第4波--
宝石	120[0]
铲子	0[0]	002|12	002|72	002|22	002|32	002|42	002|52	002|62	003|23	003|33	003|43	003|53	003|63	012|21	012|31	012|41	012|51	012|61
小火炉	7[3]补极	003|11	000|71	000|13	000|73	000|17	000|77	000|36	000|56	000|37	000|57	000|38	000|58	000|39	000|59
海星	7[3]补继
冰沙	33[5]继
糖葫芦	7[3]补极	000|14	000|15	000|75	000|12	000|72	000|22	000|32	000|42	000|52	000|62	000|21	000|31	000|41	000|51	000|61
瓜皮	15[2]补继
处女座	30[2]补继
油灯	12[3]补继
