轨道版本号=v3.9
注释=
人物1位置=56
魔塔层数=0
退出时间=0
卡槽数=2
宝石	120[0]
铲子	0[0]
瓜皮	16[2]补独	021|15	037|75	053|26	069|27	085|28	101|66	117|67	133|68	149|36	165|37	181|38	197|56	213|57	229|58	245|46	261|47	277|48	293|29	309|69	325|49	341|00	357|00	373|00	389|00	405|00	421|00	437|00	453|00	469|00	485|00	501|00	517|00	533|00	549|00	565|00	581|00	597|00	613|00	629|00	645|00	661|00	677|00	693|00	709|00	725|00	741|00	757|00	773|00	789|00	805|00	821|00	837|00	853|00	869|00	885|00	901|00	917|00	933|00	949|00
热狗	8[3]补独	020|12	028|72	036|22	044|32	052|42	060|52	068|62	076|00	084|00	092|00	100|00	108|00	116|00	124|00	132|00	140|00	148|00	156|00	164|00	172|00	180|00	188|00	196|00	204|00	212|00	220|00	228|00	236|00
