轨道版本号=v4.6.2
注释=
人物1位置=71
人物2位置=72
魔塔层数=0
退出时间=0
刷技能模式=0
优先队列=海星,海星,海星,海星,海星,海星,糖葫芦,狮子座
卡槽数=12
宝石	120[0]
铲子	0[0]独
咖啡粉	7[4]
小火炉	7[3]补极绝独	000|11	000|21	000|31	000|51	000|61	000|12	000|32	000|13	000|23	000|33	000|43	000|53	000|63	000|73	000|14	000|34
海星	7[3]补极独,0,0,200	000|47	000|67	000|41	000|27	000|77	000|17	000|68	000|58	000|38	000|28	000|16	000|36	000|56	000|15	000|25	000|35	000|45	000|55	000|65	000|75
冰沙	90[5]独	092|00	182|00	272|00	362|00	452|00	542|00
糖葫芦	7[3]补极独	000|42	000|62	000|44	000|64
木盘子	7[1]
麦芽糖	5[1]
瓜皮	15[2]补极独,0,0,1000	109|37	000|57	000|47	000|67	000|77	000|17	000|27
处女座	30[2]补极独,0,0,1000	110|37	000|57	000|47	000|67	000|77	000|17	000|27
油灯	7[3]独
狮子座	35[3]补极独	065|37	000|57
海盐粉	7[4]独	093|22	096|52	183|46	186|54	189|22	273|54	276|26	279|46	363|46	366|66	453|26	456|46	543|26	546|46
--第5波--
宝石	120[0]
铲子	7[0]独	001|12	008|32	015|42	022|62	029|11	036|21	043|31	050|51	057|61
咖啡粉	7[4]
小火炉	7[3]补极绝独	003|13	000|23	000|33	000|43	000|53	000|63	000|73
海星	7[3]补极独,0,0,200	003|47	000|67	000|41	000|27	000|77	000|17	000|16	000|36	000|56	000|15	000|25	000|35	000|45	000|55	000|65	000|75	000|12	000|32	000|42	000|62	000|11	000|21	000|31	000|51	000|61	000|68	000|58	000|38	000|28
冰沙	90[5]独继
糖葫芦	7[3]补极独继
木盘子	7[1]
麦芽糖	5[1]
瓜皮	15[2]补极独继,0,0,1000
处女座	30[2]补极独继,0,0,1000
油灯	7[3]
狮子座	35[3]补极独继
海盐粉	7[4]独继
