轨道版本号=v4.9.4
注释=
人物1位置=11
人物2位置=12
魔塔层数=0
退出时间=0
刷技能模式=0
优先队列=海星,海星,海星,海星,糖葫芦,狮子座,冰沙,狮子座
卡槽数=12
宝石	120[0]
铲子	7[0]独
咖啡粉	7[4]
小火炉	7[3]补极绝独	000|21	000|31	000|61	000|71	000|22	000|42	000|72	000|13	000|23	000|43	000|73	000|63	000|51	000|52
海星	7[3]补极独,0,0,200	000|47	000|67	000|27	000|41	000|77	000|17	000|36	000|56	000|16	000|76	000|15	000|25	000|35	000|55	000|65	000|75
冰沙	80[5]独	082|00	162|00	242|00	322|00	402|00	482|00	562|00	642|00	722|00	802|00	882|00
糖葫芦	7[3]补极独	000|33	000|53	000|14	000|74
木盘子	7[1]
麦芽糖	5[1]极	000|19	000|29	000|39	000|49	000|59	000|69	000|79	000|18	000|28	000|38	000|48	000|58	000|68	000|78
瓜皮	15[2]补极独,0,0,1000	109|27	000|37	000|47	000|57	000|67	000|17	000|77	000|56	000|36	000|35	000|55	000|23	000|33	000|43	000|53	000|63
处女座	30[2]补极独,0,0,1000	110|27	000|37	000|47	000|57	000|67	000|17	000|77	000|36	000|56	000|35	000|55	000|23	000|33	000|43	000|53	000|63
油灯	7[3]独
狮子座	35[3]补极独,0,0,400	073|37	000|57
海盐粉	7[4]独	083|32	086|24	163|44	166|46	169|32	243|44	246|46	249|26	323|46	326|66	403|46	406|26	483|46	486|26	563|44	566|62	643|46	646|66
--第6波--
宝石	120[0]
铲子	7[0]独	001|13	008|23	015|43	022|63	029|73	036|22	043|42	050|52	057|72
咖啡粉	7[4]
小火炉	7[3]补极绝独	003|21	000|31	000|61	000|71	000|51	000|28	000|38	000|48	000|58	000|68
海星	7[3]补极独,0,0,200	003|47	000|67	000|27	000|41	000|77	000|17	000|36	000|56	000|16	000|76	000|15	000|25	000|35	000|55	000|65	000|75	000|13	000|23	000|43	000|63	000|73	000|22	000|42	000|52	000|72
冰沙	80[5]独继
糖葫芦	7[3]补极独继
木盘子	7[1]
麦芽糖	5[1]
瓜皮	15[2]补极独继,0,0,1000
处女座	30[2]补极独继,0,0,1000
油灯	7[3]独
狮子座	35[3]补极独继,0,0,400
海盐粉	7[4]独继
--第7.1波--
宝石	120[0]
铲子	7[0]
咖啡粉	7[4]
小火炉	7[3]绝
海星	7[3]
冰沙	80[5]继
糖葫芦	7[3]
木盘子	7[1]
麦芽糖	5[1]
瓜皮	15[2]
处女座	30[2]
油灯	7[3]
狮子座	35[3]
海盐粉	7[4]继
