2395833
2396090
2461372
2788283
2658494
1544633
4505834
15726
3049659
2394554
2131909
4036305
1797228
1665554
3967488
4163840
3966720
4164609
4035328
3773696
3708161
3772941
3903506
4034321
4230667
4231170
4231169
4231169
4231169
4231169
4231169
4231169
4231169
4231169
4231169
4231169
4231169
4231169
4231169
4231169
4231169
4231169
4231169
4231169
4231169
4231169
4231169
4231169
4231169
4231169
4231169
4231169
4231169
4231169
4231169
4231169
4231169
4231169
4231169
4231169
4231169
4231169
4231169
4231169
4231169
4231169
4231169
4231169
4231169
4231169
4231169
4231169
4231169
4231169
4231169
4231169
4231169
4231169
4231169
4231169
4231169
4231169
4231169
4231169
4231169
4231169
4231169
4231169
4231169
4231169
4231169
4231169
4231169
4231169
4231169
4231169
4231169
4231169
4231169
4231169
4231169
4231169
4231169
4231169
4231169
4231169
4231169
4231169
4231169
4231169
4231169
4231169
4231169
4231169
4231169
4231169
4231169
4231169
4231169
4231169
4165889
4165889
0
0
0
0
0
0
0
0
0
0
0
0
0
0
0
0
0
0
0
0
0
0
0
0
0
0
0
0
0
0
0
-----
0
0
0
0
0
0
0
0
0
0
0
0
0
0
0
0
0
0
0
0
0
0
0
0
0
0
0
0
0
0
0
4573932
4573932
4573932
4573932
4573932
4573932
4573932
4573932
4573932
4573932
4573932
4573932
4573932
4573932
4573932
4573932
4573932
4573932
4573932
4573932
4573932
4573932
4573932
4573932
4573932
4573932
4573932
4573932
4573932
4573932
4573932
4573932
4573932
4573932
4573932
4573932
4573932
4573932
4573932
4573932
4573932
4573932
4573932
4573932
4573932
4573932
4573932
4573932
4573932
4573932
4573932
4573932
4573932
4573932
4573932
4573932
4573932
4573932
4573932
4573932
4573932
4573932
4573932
4573932
4573932
4573932
4573932
4573932
4573932
4573932
4573932
4573932
4573932
4573932
4573932
4573932
4573932
4573932
4573932
4573932
4573932
4573932
4573932
4573932
4573932
4573932
4573932
4573932
4573932
4573932
4573932
4573932
4573932
4573932
4573932
4573932
4639212
4639212
4770284
4835564
4900844
4900844
5031660
5031660
5031660
5031660
5031660
5097453
5097453
5097453
5097453
5491666
4636377
4631001
2586287
11359
2720185
2331346
2791127
4293811
4212309
4463108
