轨道版本号=v4.6
注释=
人物1位置=72
人物2位置=72
魔塔层数=0
退出时间=0
刷技能模式=0
优先队列=
卡槽数=8
宝石	120[0]
铲子	0[0]
咖啡粉	7[4]
小火炉	7[3]
冰激凌	35[5]补独	001|17	008|00	043|00	078|00	113|00	148|00	183|00	218|00	253|00	288|00	323|00	358|00	393|00	428|00	463|00	498|00	533|00	568|00	603|00	638|00	673|00	708|00	743|00	778|00	813|00	848|00	883|00	918|00	953|00
木盘子	7[1]独
麦芽糖	7[1]
瓜皮	15[2]补极独	003|18	000|28	000|38	000|48	000|58	000|68	000|78	000|29	000|39	000|49	000|59	000|69	000|19	000|79
布丁	7[3]补极独	003|11	000|71	000|22	000|31	000|43	000|51	000|62
面粉袋	7[3]
