轨道版本号=v4.6
注释=
人物1位置=12
人物2位置=72
魔塔层数=0
退出时间=0
刷技能模式=0
优先队列=
卡槽数=12
宝石	120[0]
铲子	0[0]
咖啡粉	7[4]
小火炉	7[3]补极	004|41	000|32	000|52	000|13	000|23	000|33	000|53	000|63	000|73	000|34	000|54	000|75	000|15	000|65	000|25	000|55	000|35	000|45	000|16	000|76
海星	7[3]补极独	001|17	005|77	000|57	000|37	000|27	000|47	000|67	000|18	000|28	000|38	000|48	000|58	000|68	000|78	000|26	000|36	000|46	000|56	000|66
冰沙	35[5]补独	004|00	039|00	074|00	109|00	144|00	179|00	214|00	249|00	284|00	319|00	354|00	389|00	424|00	459|00	494|00	529|00	564|00	599|00	634|00	669|00	704|00	739|00	774|00	809|00	844|00	879|00	914|00	949|00
糖葫芦	8[3]补极独	009|14	017|24	025|44	060|64	000|74
木盘子	7[1]
麦芽糖	7[1]继
瓜皮	15[2]
处女座	30[2]
油灯	12[3]
狮子座	35[3]
布丁	7[3]独
--第1波--
宝石	120[0]
铲子	0[0]
咖啡粉	7[4]
小火炉	7[3]补极继
海星	7[3]补极	000|17	000|27	000|37	000|47	000|57	000|67	000|77	000|29	000|39	000|49	000|59	000|69	000|18	000|28	000|38	000|48	000|58	000|68	000|78	000|26	000|36	000|46	000|56	000|66
冰沙	33[5]补极独继
糖葫芦	7[3]补极独继
木盘子	7[1]
麦芽糖	7[1]极继
瓜皮	15[2]
处女座	30[2]
油灯	12[3]
狮子座	35[3]
布丁	7[3]补极独	045|11	000|71	000|22	000|31	000|43	000|51	000|62	000|19	000|79
