轨道版本号=v4.21
注释=
人物1位置=12
人物2位置=72
魔塔层数=0
退出时间=0
卡槽数=13
宝石	120[0]
铲子	0[0]
小火炉	7[3]补极	000|32	000|52	000|23	000|33	000|43	000|53	000|73	000|14	000|24	000|44	000|64	000|74	000|34	000|13	000|63	000|22	000|62
海星	7[3]补极	000|47	000|77	000|67	000|37	000|17	000|41	000|38	000|68	000|78	000|18	000|76	000|66	000|56	000|36	000|16	000|75	000|65	000|55	000|15	000|48	000|28	000|58	000|27	000|57	000|26	000|46	000|25
冰沙	33[5]极	008|00
糖葫芦	7[3]
木盘子	7[1]
棉花糖	5[1]极	000|77	000|27	000|78	000|68	000|28	000|18	000|54	000|56	000|36	000|34	000|13	000|63	000|22	000|62	000|72	000|12
瓜皮	15[2]补极	000|41	000|47	000|77	000|67	000|37	000|17	000|57	000|27
处女座	30[2]
开水壶	29[3]
油灯	12[3]
面粉袋	7[3]补极	000|35	000|45	000|54
布丁	7[3]补极	000|11	000|21	000|31	000|42	000|51	000|61	000|71
咖啡粉	7[4]
