轨道版本号=v4.6
注释=
人物1位置=72
魔塔层数=0
退出时间=0
刷技能模式=0
优先队列=
卡槽数=8
宝石	120[0]
铲子	0[0]
咖啡粉	7[4]
小火炉	7[3]
冰激凌	35[5]补独	001|47	008|00	043|00	078|00	113|00	148|00	183|00	218|00	253|00	288|00	323|00	358|00	393|00	428|00	463|00	498|00	533|00	568|00	603|00	638|00	673|00	708|00	743|00	778|00	813|00	848|00	883|00	918|00	953|00
木盘子	7[1]
麦芽糖	7[1]补极	003|35	000|45	000|55	000|13	000|23	000|33	000|63	000|73	000|22	000|62
瓜皮	15[2]补极	003|41	000|68	000|78	000|18	000|58	000|48	000|38	000|77	000|67	000|57	000|47	000|37	000|17	000|27	000|28
布丁	8[3]补极	003|42	000|11	000|21	000|31	000|51	000|61	000|71
面粉袋	8[3]补极	003|35	000|45	000|54
--第2波--
宝石	120[0]继
铲子	0[0]继
咖啡粉	7[4]继
小火炉	7[3]继
冰激凌	34[5]补独继
木盘子	7[1]继
麦芽糖	7[1]继
瓜皮	15[2]补极	000|59	000|69	000|79	000|19	000|41	000|47	000|77	000|67	000|37	000|17	000|38	000|68	000|78	000|18	000|48	000|58	000|28	000|27	000|57
布丁	8[3]补极继
面粉袋	8[3]
