轨道版本号=v4.4
注释=
人物1位置=75
人物2位置=73
魔塔层数=0
退出时间=0
卡槽数=9
宝石	120[0]
铲子	0[0]
咖啡粉	7[4]
木盘子	7[1]
小火炉	7[3]
酒杯灯	7[3]
冰激凌	34[5]补独	001|47	008|00	042|00	076|00	110|00	144|00	178|00	212|00	246|00	280|00	314|00
瓜皮	15[2]补极	003|41	000|68	000|78	000|18	000|58	000|48	000|38	000|77	000|67	000|57	000|47	000|37	000|17	000|27	000|28
布丁	8[3]补极	003|42	000|11	000|21	000|31	000|51	000|61	000|71
面粉袋	8[3]补极	003|35	000|45	000|54
棉花糖	10[1]
--第2波--
宝石	120[0]继
铲子	0[0]继
咖啡粉	7[4]继
木盘子	7[1]继
小火炉	7[3]继
酒杯灯	7[3]继
冰激凌	34[5]补独继
瓜皮	15[2]补极	000|59	000|69	000|79	000|19	000|41	000|47	000|77	000|67	000|37	000|17	000|38	000|68	000|78	000|18	000|48	000|58	000|28	000|27	000|57
布丁	8[3]补极继
面粉袋	8[3]
棉花糖	10[1]继
