轨道版本号=v4.21
注释=
人物1位置=13
人物2位置=73
魔塔层数=0
退出时间=0
卡槽数=12
宝石	120[0]
铲子	0[0]
小火炉	7[3]补极	000|12	000|72	000|14	000|74	000|34	000|54	000|31	000|51	000|22	000|62	000|23	000|63	000|24	000|64
海星	7[3]补极	000|48	000|46	000|44	000|41	000|18	000|78	000|38	000|47	000|58	000|17	000|77	000|36	000|56	000|45	000|43	000|16	000|76	000|35	000|55	000|15	000|75	000|49	000|59	000|39
冰沙	33[5]极	008|00
糖葫芦	7[3]
木盘子	7[1]极
棉花糖	30[1]
瓜皮	15[2]补极	000|41	000|31	000|51	000|49	000|59	000|39
处女座	30[2]
开水壶	29[3]
油灯	12[3]
狮子座	35[3]
布丁	7[3]补极	000|11	000|71	000|42	000|33	000|53	000|21	000|61
