轨道版本号=v4.21
注释=
人物1位置=45
魔塔层数=0
退出时间=0
卡槽数=13
宝石	120[0]
铲子	0[0]
小火炉	7[3]补极	000|33	000|53	000|34	000|54	000|35	000|55	000|36	000|56	000|17	000|77	000|27	000|67	000|37	000|57	000|41	000|42	000|43	000|44	000|47
海星	7[3]补极	000|31	000|51	000|12	000|72	000|23	000|63	000|14	000|74	000|24	000|64	000|15	000|75	000|16	000|76	000|26	000|66
冰沙	34[5]极独	033|00
糖葫芦	7[3]补极	000|13	000|73	000|32	000|52
木盘子	7[1]
棉花糖	10[1]
瓜皮	15[2]补极独	090|31	000|51	000|11	000|21	000|61	000|71	000|41
处女座	30[2]补极独	090|31	000|51	000|11	000|21	000|61	000|71	000|41
开水壶	29[3]
油灯	7[3]
海盐粉	30[3]独	032|25	034|65	062|25	064|65	092|25	094|65	122|25	124|65	152|25	154|65	182|25	184|65	212|25	214|65	242|25	244|65	272|25	274|65	302|25	304|65
布丁	7[3]补极	000|11	000|21	000|61	000|71
酒杯灯	7[3]补极	000|56	000|36	000|55	000|35	000|54	000|34	000|53	000|33	000|77	000|17	000|67	000|27	000|57	000|37	000|47	000|44	000|43	000|42	000|41
--第1波--
宝石	120[0]
铲子	0[0]
小火炉	7[3]补极	000|31	000|51	000|33	000|53	000|34	000|54	000|35	000|55	000|36	000|56	000|17	000|77	000|27	000|67	000|37	000|57	000|41	000|42	000|43	000|44	000|47
海星	7[3]补极	000|12	000|72	000|23	000|63	000|14	000|74	000|24	000|64	000|15	000|75	000|16	000|76	000|26	000|66	000|49	000|39	000|59	000|29	000|69	000|19	000|79
冰沙	34[5]极独继
糖葫芦	8[3]补独	002|13	010|73	018|32	026|52	034|00	042|00	050|00
木盘子	7[1]
棉花糖	10[1]
瓜皮	15[2]补极独继
处女座	30[2]补极独继
开水壶	29[3]
油灯	7[3]
海盐粉	30[3]独继
布丁	7[3]补极继
酒杯灯	7[3]补极	000|51	000|31	000|56	000|36	000|55	000|35	000|54	000|34	000|53	000|33	000|77	000|17	000|67	000|27	000|57	000|37	000|47	000|44	000|43	000|42	000|41
