轨道版本号=v4.6.2
注释=
人物1位置=15
人物2位置=75
魔塔层数=0
退出时间=0
刷技能模式=0
优先队列=
卡槽数=12
宝石	120[0]
铲子	0[0]
酒杯灯	7[3]补极	000|21	000|72	000|17	000|77	000|31	000|74	000|41	000|73	000|51	000|61	000|12	000|32	000|52	000|18	000|78
小火炉	7[3]补极	000|12	000|32	000|52	000|13	000|33	000|43	000|63	000|14	000|34	000|54	000|72	000|77	000|17	000|73	000|74	000|21	000|31	000|41	000|51	000|61	000|18	000|78
海星	7[3]补极	000|11	000|71	000|44	000|27	000|67	000|47	000|66	000|26	000|46	000|25	000|65	000|24	000|64	000|37	000|57	000|68	000|48	000|28	000|16	000|76
冰沙	34[5]极独	033|00
糖葫芦	7[3]
木盘子	7[1]
麦芽糖	7[1]
瓜皮	15[2]补极	090|12	000|22	000|32	000|42	000|52	000|62	000|72	000|21	000|41	000|61	000|31	000|51	000|11	000|71
处女座	30[2]补极	090|12	000|22	000|32	000|42	000|52	000|62	000|72	000|21	000|61	000|41	000|31	000|51	000|11	000|71
油灯	7[3]
海盐粉	40[3]独	032|36	034|56	062|36	064|56	092|36	094|56	122|36	124|56	152|36	154|56	182|36	184|56	212|36	214|56	242|36	244|56	273|36	275|56	304|36	306|56
布丁	7[3]补极	000|22	000|42	000|62
