轨道版本号=v4.6
注释=
人物1位置=14
人物2位置=74
魔塔层数=0
退出时间=0
刷技能模式=0
优先队列=
卡槽数=12
宝石	120[0]
铲子	0[0]
咖啡粉	7[4]
小火炉	7[3]补极	004|31	000|51	000|33	000|53	000|12	000|72	000|22	000|32	000|42	000|52	000|62	000|35	000|55	000|24	000|44	000|64	000|26	000|46	000|66
海星	7[3]补极独	001|43	005|47	000|67	000|27	000|37	000|57	000|28	000|38	000|48	000|58	000|68	000|17	000|77	000|23	000|63	000|45	000|65	000|25	000|13	000|73	000|42	000|46	000|44
冰沙	35[5]独	004|00	039|00	074|00	109|00	144|00	179|00	214|00	249|00	284|00	319|00	354|00	389|00	424|00	459|00	494|00	529|00	564|00	599|00	634|00	669|00	704|00	739|00	774|00	809|00	844|00	879|00	914|00	949|00
糖葫芦	7[3]补极独	058|15	000|75	000|16	000|76	000|18	000|78
木盘子	7[1]补极	004|11	000|21	000|31	000|41	000|51	000|61	000|71	000|12	000|72	000|13	000|73	000|15	000|75	000|16	000|76	000|17	000|77	000|18	000|78
麦芽糖	7[1]
瓜皮	15[2]
处女座	30[2]
油灯	12[3]
狮子座	35[3]
布丁	7[3]独
--第1.1波--
宝石	120[0]
铲子	0[0]	032|42	032|46	032|44
咖啡粉	7[4]
小火炉	7[3]补极	000|31	000|51	000|33	000|53	000|12	000|72	000|22	000|32	000|52	000|62	000|35	000|55	000|24	000|64	000|26	000|66
海星	7[3]补独继
冰沙	34[5]独继
糖葫芦	7[3]补极独,0,0,0,,,0,,0,,,,0,30	001|15	000|75
木盘子	7[1]补极继
麦芽糖	7[1]
瓜皮	15[2]
处女座	30[2]
油灯	12[3]
狮子座	35[3]
布丁	7[3]独
--第2波--
宝石	120[0]
铲子	0[0]
咖啡粉	7[4]
小火炉	7[3]补极继
海星	7[3]补独继
冰沙	34[5]独继
糖葫芦	7[3]补极独继
木盘子	7[1]补极	000|11	000|21	000|31	000|41	000|51	000|61	000|71	000|12	000|72	000|13	000|73	000|15	000|75	000|16	000|76	000|17	000|77	000|18	000|78	000|49	000|59	000|39
麦芽糖	7[1]
瓜皮	15[2]补极	000|49	000|59	000|39
处女座	30[2]
油灯	12[3]
狮子座	35[3]
布丁	7[3]补极独	000|41	000|61	000|21	000|11	000|71
