轨道版本号=v4.21
注释=
人物1位置=11
人物2位置=71
魔塔层数=0
退出时间=0
卡槽数=12
宝石	120[0]
铲子	0[0]
小火炉	7[3]补极	000|21	000|41	000|61	000|12	000|22	000|32	000|42	000|52	000|62	000|72	000|13	000|23	000|33	000|53	000|63	000|73
海星	7[3]补极	000|43	000|44	000|45	000|47	000|48	000|18	000|28	000|38	000|58	000|68	000|78	000|17	000|27	000|67	000|77	000|15	000|25	000|35	000|55	000|65	000|75	000|16	000|26	000|36	000|46	000|56	000|66	000|76
冰激凌	42[5]	002|37
糖葫芦	7[3]补	002|14	009|24	016|34	023|54	030|64	068|74
木盘子	7[1]
棉花糖	30[1]独	032|39	062|49	092|79	122|69	152|39	182|79	212|59	242|79	272|19	302|29
瓜皮	15[2]
处女座	30[2]
开水壶	29[3]
油灯	12[3]
狮子座	35[3]补	002|37	006|57
布丁	7[3]
