轨道版本号=v4.5
注释=
人物1位置=11
魔塔层数=0
退出时间=0
刷技能模式=0
卡槽数=4
宝石	120[0]
铲子	0[0]
木盘子	4[1]补极	000|12	000|23	000|32	000|52	000|63	000|72	000|48	000|47	000|28	000|68	000|78	000|13	000|24	000|33	000|43	000|46	000|53	000|58	000|38	000|64	000|73	000|18	000|17	000|67	000|77	000|16	000|26	000|36	000|56	000|66	000|76	000|71	000|11	000|61	000|21	000|42	000|31	000|41	000|51
棉花糖	30[1]独	031|39	061|49	091|79	121|69	151|39	181|79	211|59	241|79	271|19	301|29	331|39	361|19	391|69	421|19	451|39	481|79	511|39	541|19	571|39	601|39	631|19	661|29	691|39	721|49
气泡	10[1]
咖啡粉	7[4]补极独,0,0,350	000|13	000|23	000|33	000|43	000|53	000|63	000|73	000|14	000|24	000|34	000|44	000|54	000|64	000|74	000|15	000|25	000|35	000|45	000|55	000|65	000|75	000|16	000|26	000|36	000|46	000|56	000|66	000|76	000|17	000|27	000|37	000|47	000|57	000|67	000|77	000|18	000|28	000|38	000|48	000|58	000|68	000|78	000|19	000|29	000|39	000|49	000|59	000|69	000|79
