轨道版本号=v4.6
注释=
人物1位置=24
人物2位置=64
魔塔层数=0
退出时间=0
刷技能模式=0
优先队列=
卡槽数=12
宝石	120[0]
铲子	0[0]
咖啡粉	7[4]
小火炉	7[3]补极	000|13	000|23	000|33	000|43	000|53	000|63	000|73	000|14	000|34	000|44	000|54	000|74	000|22	000|42	000|62
海星	7[3]补极,0,0,200	000|46	000|48	000|68	000|28	000|58	000|38	000|47	000|45	000|57	000|37	000|67	000|27	000|56	000|36	000|66	000|26	000|76	000|16	000|55	000|35	000|75	000|15
冰沙	34[5]极,0,0,0,,,0,,0,,,年糕蟹
糖葫芦	7[3]补极,0,0,500	000|25	000|65
木盘子	7[1]极
麦芽糖	7[1]
瓜皮	15[2]补极,0,0,500	000|27	000|67	000|28	000|38	000|48	000|58	000|68	000|16	000|76	000|37	000|57	000|47	000|15	000|75
处女座	30[2]补极,0,0,500	000|27	000|67	000|28	000|38	000|48	000|58	000|68	000|16	000|76	000|37	000|57	000|47	000|15	000|75
冰桶	17[3],0,0,150
年糕蟹	37[3]补极	000|32	000|52	000|12	000|72
布丁	7[3]补极,0,0,1000	000|41	000|11	000|21	000|31	000|51	000|61	000|71
