轨道版本号=v4.6.2
注释=
人物1位置=24
人物2位置=64
魔塔层数=0
退出时间=0
刷技能模式=0
优先队列=
卡槽数=12
宝石	120[0]
铲子	0[0]
咖啡粉	7[4]补极独,0,0,0,,,0,,0,,,冰桶	055|15
小火炉	7[3]补极独	000|11	000|21	000|61	000|71	000|22	000|62	000|13	000|23	000|63	000|73	000|14	000|34	000|54	000|74
海星	7[3]补极,0,0,200	000|47	000|45	000|46	000|44	000|43	000|42	000|48	000|37	000|57	000|77	000|17	000|78	000|18	000|36	000|56	000|35	000|55	000|38	000|58	000|16	000|76
冰沙	33[5],0,0,1000
糖葫芦	7[3]补极,0,0,500	000|33	000|53
木盘子	7[1]补极	000|21	000|61	000|22	000|62	000|23	000|63
麦芽糖	7[1]
瓜皮	15[2]补极,0,0,1000	000|14	000|34	000|54	000|74	000|37	000|57	000|77	000|17	000|78	000|18	000|36	000|56	000|35	000|55	000|38	000|58	000|16	000|76
处女座	30[2]补极,0,0,1000	000|14	000|34	000|54	000|74	000|37	000|57	000|77	000|17	000|78	000|18	000|36	000|56	000|35	000|55	000|38	000|58	000|16	000|76
冰桶	40[3]补极独,0,0,150	055|15
年糕蟹	37[3]补极	000|32	000|52	000|12	000|72
布丁	7[3]补极,0,0,1000	000|31	000|41	000|51
