轨道版本号=v4.6
注释=
人物1位置=64
魔塔层数=0
退出时间=0
刷技能模式=0
优先队列=
卡槽数=9
宝石	120[0]
铲子	0[0]
咖啡粉	7[4]
小火炉	7[3]
冰激凌	34[5]补独	047|75	081|00	115|00	149|00	183|00	217|00	251|00	285|00	319|00	353|00	387|00	421|00	455|00	489|00	523|00	557|00	591|00	625|00	659|00	693|00	727|00	761|00	795|00	829|00	863|00	897|00	931|00
木盘子	7[1]
麦芽糖	7[1]
瓜皮	15[2]补极,0,0,400	000|35	000|55	000|16	000|76	000|36	000|56	000|17	000|77	000|37	000|57	000|18	000|78	000|38	000|58	000|34	000|54	000|33	000|53	000|43	000|14	000|74	000|13	000|73
布丁	7[3]x
年糕蟹	37[3]补极	000|32	000|52	000|12	000|72
冰桶	17[3]补独	048|75	065|00	082|00	099|00	116|00	133|00	150|00	167|00	184|00	201|00	218|00	235|00	252|00	269|00	286|00	303|00	320|00	337|00	354|00	371|00	388|00	405|00	422|00	439|00	456|00	473|00	490|00	507|00	524|00	541|00	558|00	575|00	592|00	609|00	626|00	643|00	660|00	677|00	694|00	711|00	728|00	745|00	762|00	779|00	796|00	813|00	830|00	847|00	864|00	881|00	898|00	915|00	932|00	949|00
