轨道版本号=v4.6
注释=
人物1位置=31
人物2位置=52
魔塔层数=0
退出时间=0
刷技能模式=0
优先队列=
卡槽数=12
宝石	120[0]
铲子	0[0]
微波炉	7[3]补极,0,0,1000,,,0,,0,,,,1	002|19	000|29	000|39	000|49	000|69	000|79	000|18	000|28	000|38	000|48	000|58	000|68	000|78	000|17	000|27	000|37	000|47	000|57	000|67	000|77
小火炉	7[3]补极独	000|36	000|56	000|41	000|61	000|42	000|62	000|43	000|63	000|44	000|64	000|45	000|65	000|46	000|66	000|47	000|67	000|48	000|68	000|49	000|69	000|16	000|76	000|17	000|77	000|18	000|78	000|29
海星	7[3]补极,0,0,200	000|51	000|57	000|34	000|38	000|55	000|58	000|35
冰激凌	42[5]补极独	150|37
糖葫芦	7[3]补极独	098|21	100|24	108|23	110|22	120|00
木盘子	7[1]
麦芽糖	7[1]
瓜皮	15[2]补极独	080|37	000|31	000|52	000|33	000|51	000|38	000|58	000|21	000|24	000|23	000|22	000|57	000|61	000|64	000|63	000|62	000|32	000|53	000|34	000|54	000|36	000|56	000|35	000|55
处女座	30[2]补极独	120|31	000|52	000|33	000|51	000|38	000|58	000|21	000|24	000|23	000|22	000|57	000|61	000|64	000|63	000|62	000|32	000|53	000|34	000|54	000|36	000|56	000|35	000|55
年糕蟹	37[3]补极独	115|12	000|72	000|33	000|54	000|13	000|73	000|14	000|74
冰桶	40[3]补独	110|59	150|00	190|00	230|00	270|00	310|00	350|00	390|00	430|00	470|00	510|00	550|00
布丁	7[3]补独
--第4波--
宝石	120[0]
铲子	0[0]	002|41	002|42	002|43	002|44	002|45	002|46	002|47	002|48	002|49	040|36	050|56
微波炉	7[3]
小火炉	7[3]补极	000|61	000|62	000|63	000|64	000|65	000|66	000|67	000|68	000|69	000|16	000|76	000|17	000|77	000|18	000|78	000|29
海星	7[3]补极	000|51	000|38	000|58	000|35	000|55	000|57	000|36	000|56	000|34	000|41	000|42	000|43	000|44	000|45	000|46	000|47	000|48	000|49
冰激凌	42[5]补极	000|37
糖葫芦	7[3]补极	000|21	000|22	000|23	000|24
木盘子	7[1]
麦芽糖	7[1]
瓜皮	15[2]补极独	000|37	000|31	000|52	000|33	000|51	000|38	000|58	000|21	000|24	000|23	000|22	000|57	000|61	000|64	000|63	000|62	000|32	000|53	000|34	000|54	000|36	000|56	000|35	000|55
处女座	30[2]补极独	000|31	000|52	000|33	000|51	000|38	000|58	000|21	000|24	000|23	000|22	000|57	000|61	000|64	000|63	000|62	000|32	000|53	000|34	000|54	000|36	000|56	000|35	000|55
年糕蟹	37[3]补极独	000|12	000|72	000|33	000|54	000|13	000|73	000|14	000|74
冰桶	27[3]补独继
布丁	7[3]补极独	000|32	000|53
--第8波--
宝石	120[0]
铲子	0[0]独	002|41	002|42	002|43	002|44	002|45	002|46	002|47	002|48	002|49	003|61	003|62	003|63	003|64	003|65	003|66	003|67	003|68	003|69	010|35	015|55	030|36
微波炉	7[3]
小火炉	7[3]补极	000|16	000|76	000|17	000|77	000|18	000|78	000|29	000|69
海星	7[3]补极独	000|38	000|58	000|56	000|37	000|57	000|34	000|51
冰激凌	42[5]补
糖葫芦	7[3]补极独	004|21	000|22	000|23	000|24	000|41	000|61	000|42	000|62	000|43	000|63	000|44	000|64	000|45	000|46	000|47	000|48	000|25	000|49	000|65
木盘子	7[1]
麦芽糖	7[1]
瓜皮	15[2]补极独	000|31	000|52	000|33	000|51	000|38	000|58	000|24	000|64	000|23	000|63	000|22	000|62	000|21	000|61	000|37	000|57	000|32	000|53	000|34	000|54	000|36	000|56	000|35	000|55
处女座	30[2]补极独	000|31	000|52	000|33	000|51	000|38	000|58	000|24	000|64	000|23	000|63	000|22	000|62	000|21	000|61	000|37	000|57	000|32	000|53	000|34	000|54	000|36	000|56	000|35	000|55
年糕蟹	37[3]补极独	000|12	000|72	000|33	000|54	000|13	000|73	000|14	000|74	000|35	000|55	000|36
冰桶	27[3]补独继
布丁	7[3]补极独	000|32	000|53
