轨道版本号=v4.0
注释=
人物1位置=13
人物2位置=73
魔塔层数=0
退出时间=0
卡槽数=13
宝石	120[0]
铲子	0[0]
小火炉	7[3]补极	000|12	000|22	000|32	000|42	000|52	000|62	000|72	000|14	000|24	000|64	000|74	000|15	000|25
海星	7[3]补极	000|78	000|28	000|68	000|18	000|77	000|67	000|27	000|17	000|76	000|66	000|26	000|16
冰激凌	42[5]
糖葫芦	7[3]
木盘子	7[1]极
棉花糖	5[1]
狮子座	35[3]
瓜皮	15[2]
处女座	30[2]
油灯	12[3]
换气扇	7[3]
酒杯灯	7[3]补极	000|11	000|21	000|31	000|41	000|51	000|61	000|71	000|23	000|33	000|43	000|53	000|63	000|65	000|75
咖啡粉	7[3]
--第1波--
宝石	120[0]
铲子	0[0]
小火炉	7[3]补	002|14	009|24	016|64	023|74	000|15	000|25
海星	7[3]补	002|78	009|28	016|68	023|18	000|77	000|67	000|27	000|17	000|76	000|66	000|26	000|16
冰激凌	42[5]
糖葫芦	7[3]
木盘子	7[1]	002|00	009|00	016|00	023|00
棉花糖	5[1]
狮子座	35[3]
瓜皮	15[2]
处女座	30[2]
油灯	12[3]
换气扇	7[3]
酒杯灯	7[3]补	002|23	009|33	016|43	023|53	000|63	000|65	000|75
咖啡粉	7[3]
