轨道版本号=v4.6.2
注释=
人物1位置=41
魔塔层数=0
退出时间=0
刷技能模式=0
优先队列=海星,油灯,海星,海星,糖葫芦
卡槽数=7
宝石	120[0]独
铲子	7[0]独
小火炉	7[3]补极绝独	000|51	000|61	000|71	000|52	000|62	000|72	000|22	000|32	000|13
海星	7[3]补极独	000|42	000|53	000|35	000|55	000|45	000|25	000|65	000|15	000|75	000|47	000|27	000|57
糖葫芦	7[3]补极独	000|24	000|54
棉花糖	3[1]
吹风机	50[3]
油灯	12[3]补极独	000|31
炸炸菇	7[3]极独	100|34
--第2波--
宝石	120[0]独
铲子	0[0]独	001|51	001|13
小火炉	7[3]补极绝独	000|61	000|71	000|22	000|32	000|52	000|62	000|72
海星	7[3]补极独,0,0,225	002|51	000|42	000|45	000|35	000|55	000|25	000|65	000|15	000|75	000|34	000|27	000|47	000|57	000|13
糖葫芦	7[3]补极独继,0,0,300
棉花糖	3[1]
吹风机	50[3]
油灯	12[3]补极独继
炸炸菇	7[3]极独继
