轨道版本号=v4.6.2
注释=
人物1位置=25
人物2位置=25
魔塔层数=0
退出时间=0
刷技能模式=0
优先队列=
卡槽数=13
宝石	120[0]
铲子	0[0]
咖啡粉	7[4]
小火炉	7[3]补极独	000|61	000|41	000|51	000|12	000|52	000|73	000|13	000|36	000|35	000|34	000|56	000|45	000|55	000|65	000|75	000|11	000|21	000|31	000|23	000|43	000|63
海星	7[3]补极,0,0,275	000|72	000|17	000|18	000|78	000|27	000|47	000|67	000|46	000|44	000|38	000|58	000|28	000|68	000|77
冰沙	40[5]独	050|00	090|00	130|00	170|00	210|00	250|00	290|00	330|00	370|00	410|00	450|00	490|00	530|00	570|00	610|00	650|00	690|00	730|00	770|00	810|00	850|00
糖葫芦	7[3]补极,0,0,500	030|71	000|14	000|74	000|16	000|32	000|15
木盘子	4[1]补极	000|71	000|72	000|73	000|12	000|13	000|17	000|18	000|78	000|77	000|11
麦芽糖	3[1]
瓜皮	15[2]补极,0,0,325	040|17	000|32	000|18	000|34	000|36	000|78	000|25	000|14	000|74	000|16	000|62	000|27	000|47	000|67	000|38	000|58	000|28	000|68
处女座	30[2]补极,0,0,325	060|17	000|32	000|18	000|34	000|36	000|78	000|25	000|14	000|74	000|16	000|62	000|47	000|28	000|68
扑克牌	7[2]补极	000|54	000|76	000|41	000|51	000|52	000|35	000|15
油灯	12[3]补极	020|62
布丁	7[3]
炸炸菇	6[3]独	050|54	056|54	090|22	096|22	130|76	136|76	170|54	176|54	210|22	216|22	250|76	256|76	290|54	296|54	330|22	336|22	370|76	376|76	410|54	416|54	450|22	456|22	490|76	496|76	530|54	536|54	570|22	576|22	610|76	616|76	650|54	656|54	690|22	696|22	730|76	736|76	770|54	776|54	810|22	816|22	850|76	856|76
--第7波--
宝石	120[0]
铲子	0[0]	001|41	001|43	001|45	001|36	001|56
咖啡粉	7[4]
小火炉	7[3]补极独	000|61	000|51	000|12	000|52	000|73	000|13	000|35	000|34	000|55	000|65	000|75	000|11	000|21	000|31	000|23	000|63
海星	7[3]补极,0,0,275	000|72	000|44	000|46	000|47	000|36	000|56	000|45	000|43	000|58	000|38	000|68	000|28	000|27	000|67	000|17	000|77	000|18	000|78
冰沙	40[5]独继
糖葫芦	7[3]补极继,0,0,500
木盘子	4[1]补极继
麦芽糖	3[1]
瓜皮	15[2]补极继,0,0,325
处女座	30[2]补极继,0,0,325
扑克牌	7[2]补极继
油灯	12[3]补极继
布丁	7[3]补极	000|41
炸炸菇	6[3]独继
