轨道版本号=v4.6.2
注释=
人物1位置=73
人物2位置=13
魔塔层数=0
退出时间=0
刷技能模式=0
优先队列=
卡槽数=12
宝石	120[0]
铲子	1[0]
咖啡粉	7[4]
小火炉	7[3]补极	000|11	000|21	000|31	000|71	000|43	000|23	000|33	000|53	000|63	000|18	000|28	000|68	000|78	000|37	000|47	000|57
海星	7[3]补极独,0,0,250	000|46	000|72	000|62	000|52	000|42	000|32	000|22	000|36	000|26	000|66	000|17	000|77	000|76	000|12
冰激凌	42[5]
糖葫芦	7[3]补极独,0,0,375	070|61	000|51	000|41
木盘子	4[1]
麦芽糖	7[1]
瓜皮	15[2]补极	000|46	000|62	000|52	000|44	000|32	000|22	000|27	000|67	000|36	000|26	000|13	000|73	000|66	000|17	000|77	000|12	000|76	000|43
处女座	30[2]
狮子座	30[3]补极,0,0,400	110|27	000|67
炸炸菇	5[3]补独	070|48	075|00	080|00	175|00	180|00	185|00	280|00	285|00	290|00	395|00	400|00	405|00	500|00
油灯	30[3]补极独	050|44
