轨道版本号=v4.6.2
注释=
人物1位置=14
人物2位置=54
魔塔层数=0
退出时间=0
刷技能模式=0
优先队列=海星,海星,海星,海星,糖葫芦,狮子座,海星,海星,狮子座
卡槽数=13
宝石	120[0]
铲子	0[0]
咖啡粉	7[4]
小火炉	7[3]补极绝	000|11	000|51	000|12	000|52	000|13	000|53	000|23	000|63	000|43	000|31	000|71	000|72	000|33	000|73	000|15	000|35	000|55	000|75
海星	7[3]补极独,0,0,250	000|46	000|42	000|38	000|58	000|78	000|18	000|68	000|28	000|17	000|37	000|47	000|57	000|77	000|62	000|32	000|22	000|26	000|66	000|36
冰沙	33[5]极绝独	050|00
糖葫芦	7[3]补极独,0,0,375	040|21	000|61	000|41
酒瓶	7[3]补极,0,0,0,2,,0,,0,,,,10	001|19	000|29	000|39	000|49	000|59	000|69	000|79
麦芽糖	7[1]
瓜皮	15[2]补极绝	000|46	000|27	000|67	000|44	000|17	000|26	000|36	000|66	000|76	000|62	000|52	000|32	000|22	000|14	000|54	000|77	000|12	000|43	000|42	000|72	000|18	000|28	000|68	000|78
处女座	30[2]补极绝,0,0,500	000|18	000|28	000|68	000|78
扑克牌	7[2]补极绝	000|48	000|24	000|64	000|58	000|37	000|47	000|57	000|38	000|13	000|23	000|33	000|53	000|63	000|73	000|15	000|35	000|55	000|75
炸炸菇	35[3]极独	049|48	084|24	119|64	154|48	189|24	224|64	259|48	294|24	329|64	364|48	399|24	434|64	469|48	504|24	539|64	574|48	609|24	644|64	679|48	714|24	749|64	784|48	819|24	854|64	889|48	924|24	959|64	000|48	000|24	000|64	000|48	000|24	000|64	000|48	000|24	000|64	000|48	000|24	000|64	000|48	000|24	000|64	000|48	000|24	000|64
油灯	30[3]补极绝独	050|44
狮子座	30[3]补极独,0,0,400	040|27	000|67
--第4波--
宝石	120[0]
铲子	0[0]	001|12	001|52	001|72
咖啡粉	7[4]
小火炉	7[3]补极	000|11	000|51	000|13	000|53	000|23	000|63	000|43	000|31	000|71	000|33	000|73	000|15	000|35	000|55	000|75
海星	7[3]补极独,0,0,250	000|22	000|32	000|42	000|52	000|62	000|46	000|38	000|58	000|78	000|18	000|68	000|28	000|17	000|37	000|47	000|57	000|77	000|26	000|66	000|36
冰沙	33[5]极独继
糖葫芦	7[3]补极独继,0,0,375
酒瓶	7[3]继
麦芽糖	7[1]
瓜皮	15[2]补极继
处女座	30[2]补极继,0,0,500
扑克牌	7[2]补极继
炸炸菇	35[3]极独继
油灯	30[3]补极独继
狮子座	30[3]补极独继,0,0,400
