轨道版本号=v3.92
注释=
人物1位置=11
人物2位置=71
魔塔层数=0
退出时间=0
卡槽数=10
宝石	120[0]
铲子	7[0]
小火炉	7[3]极独	002|21	012|31	000|51	000|61	000|12	000|22	000|62	000|72	000|13	000|73	000|14	000|74	000|15	000|75
海星	7[3]补极	019|43	031|41	038|23	045|63	052|17	059|77	071|19	078|33	085|79	092|53	099|24	106|34	113|54	120|64	127|25	134|35	000|55	000|65	000|26	000|36	000|56	000|66	000|16	000|76	000|27	000|37	000|57	000|67	000|28	000|38	000|58	000|68
冰激凌	42[5]x独	061|44	103|46
糖葫芦	7[3]
木盘子	7[1]	002|17	009|77	016|13	023|73	030|14	037|74	044|15	051|75	058|16	065|19	072|76	079|79
棉花糖	5[1]
狮子座	35[3]补极独	061|44	066|45	103|46	107|47	000|48	000|49
瓜皮	15[2]极独	071|19	086|79	101|44	000|45	000|46	000|47	000|48	000|49
处女座	30[2]极独	109|44	000|45	000|46	000|47	000|48	000|49
油灯	12[3]
--第4波--
宝石	120[0]
铲子	7[0]
小火炉	7[3]
海星	7[3]
冰激凌	42[5]
糖葫芦	7[3]
木盘子	7[1]
棉花糖	5[1]
狮子座	35[3]
瓜皮	15[2]
处女座	30[2]
油灯	12[3]
