轨道版本号=v4.0
注释=
人物1位置=22
人物2位置=62
魔塔层数=0
退出时间=0
卡槽数=10
宝石	120[0]
铲子	8[0]
小火炉	7[3]补极	000|11	000|71	000|12	000|72	000|13	000|73	000|14	000|74	000|15	000|75	000|16	000|76	000|17	000|77	000|18	000|78	000|19	000|79
海星	8[3]补极	030|42	000|43	000|44	000|45	000|22	000|32	000|52	000|62	000|23	000|33	000|53	000|63	000|24	000|34	000|54	000|64	000|25	000|35	000|55	000|65	000|26	000|36	000|46	000|56	000|66
冰激凌	42[5]
糖葫芦	8[3]
木盘子	7[1]
棉花糖	5[1]
狮子座	35[3]补极	060|39	000|59	000|38	000|58	000|37	000|57	000|29	000|69	000|28	000|68	000|27	000|67
瓜皮	15[2]补极	060|39	000|59	000|38	000|58	000|37	000|57	000|29	000|69	000|28	000|68	000|27	000|67
处女座	30[2]补极	060|39	000|59	000|38	000|58	000|37	000|57	000|29	000|69	000|28	000|68	000|27	000|67
油灯	12[3]
--第9波--
宝石	120[0]
铲子	8[0]
小火炉	7[3]
海星	8[3]
冰激凌	42[5]
糖葫芦	8[3]
木盘子	7[1]
棉花糖	5[1]
狮子座	35[3]
瓜皮	15[2]
处女座	30[2]
油灯	12[3]
