轨道版本号=v4.6
注释=
人物1位置=13
人物2位置=73
魔塔层数=0
退出时间=0
刷技能模式=0
优先队列=
卡槽数=12
宝石	120[0]
铲子	0[0]
咖啡粉	7[4]
小火炉	7[3]补	002|12	012|22	019|32	026|42	033|52	040|62	047|72	054|23	061|33	068|43	075|53	082|63
海星	7[3]补极	019|58	026|38	033|78	040|18	047|28	054|48	061|68	068|17	075|27	082|37	089|47	096|57	103|67	110|77	117|16	124|26	131|36	138|46	145|56	152|66	159|76	166|15	173|25	180|35	187|45	194|55	201|65	208|75
冰激凌	42[5]
糖葫芦	7[3]
木盘子	7[1]
麦芽糖	7[1]
瓜皮	15[2]
处女座	30[2]
油灯	12[3]
狮子座	35[3]
气泡	10[1]	018|23	028|33	038|43	048|53	058|63
