列表版本号=v4.7
锁定=1
0	6	2	1	1	1	0	0	1
预制轨道\公会任务\1_生命之水.txt

0	6	2	1	1	1	0	0	1
预制轨道\公会任务\2_茁壮成长的大树.txt

1	6	4	1	1	1	0	0	1
预制轨道\公会任务\3_偷食物的老鼠.txt

1	7	10	1	1	1	0	0	1
预制轨道\公会任务\4_挑战迷雾朱莉.txt

1	6	14	1	1	1	0	0	1
预制轨道\公会任务\5_扰民的垃圾车.txt

1	9	15	1	1	1	0	0	1
预制轨道\公会任务\6_终极决战.txt

1	7	1	1	1	1	0	0	1
预制轨道\公会任务\7_会潜水的贼.txt

1	6	11	1	1	1	0	0	1
预制轨道\公会任务\8_融化冰渣.txt

1	6	7	1	1	1	0	0	1
预制轨道\公会任务\9_神殿中的法老.txt

1	7	11	1	1	1	0	0	1
预制轨道\公会任务\10_嗡嗡中尉也来了.txt

1	7	15	1	1	1	0	0	1
预制轨道\公会任务\11_火山上的传奇.txt

1	9	5	1	1	1	0	0	1
预制轨道\公会任务\12_阻止鼠国列车.txt

1	6	11	1	1	1	0	0	1
预制轨道\公会任务\13_小笼包逆袭可可岛.txt
预制轨道\公会任务\13_小笼包逆袭可可岛+.txt
1	7	14	1	1	1	0	0	1
预制轨道\公会任务\14_SS通关果酱部落.txt

1	9	3	1	1	1	0	0	1
预制轨道\公会任务\15_去断桥涮火锅.txt
预制轨道\公会任务\15_去断桥涮火锅+.txt
1	9	6	1	1	1	0	0	1
预制轨道\公会任务\16_A+通关月桂天空.txt

1	9	12	1	1	1	0	0	1
预制轨道\公会任务\17_花椒浮岛限定通关.txt
预制轨道\公会任务\17_花椒浮岛限定通关+.txt
1	7	6	1	1	1	0	0	1
预制轨道\公会任务\18_雨林中的小油灯.txt
预制轨道\公会任务\18_雨林中的小油灯+.txt
1	6	14	1	1	1	0	0	1
预制轨道\公会任务\19_咖喱岛限定通关.txt
预制轨道\公会任务\19_咖喱岛限定通关+.txt
1	6	2	1	1	1	0	0	1
预制轨道\公会任务\20_SSS通关色拉岛.txt

1	7	2	1	1	1	0	0	1
预制轨道\公会任务\21_A+通关芥末小屋.txt

1	9	9	1	1	1	0	0	1
预制轨道\公会任务\22_香叶空港限定通关.txt
预制轨道\公会任务\22_香叶空港限定通关+.txt
1	6	13	1	1	1	0	0	1
预制轨道\公会任务\23_团战咖喱岛.txt

1	6	12	1	1	1	0	0	1
预制轨道\公会任务\24_团战可可岛.txt

1	6	10	1	1	1	0	0	1
预制轨道\公会任务\25_团战布丁岛.txt

1	7	13	1	1	1	0	0	1
预制轨道\公会任务\26_团战果酱部落.txt

1	8	0	1	1	1	0	0	1
预制轨道\公会任务\27_团战果仁瀑布.txt

1	7	7	1	1	1	0	0	1
预制轨道\公会任务\28_团战炭烧雨林.txt

1	7	2	1	1	1	0	0	1
预制轨道\公会任务\29_团战芥末小屋.txt

1	9	8	1	1	1	0	0	1
预制轨道\公会任务\30_团战香叶空港.txt

1	7	3	1	1	1	0	0	1
预制轨道\公会任务\31_团战薄荷海滩日.txt

1	7	4	1	1	1	0	0	1
预制轨道\公会任务\32_团战薄荷海滩夜.txt

1	10	0	1	1	1	0	0	1
预制轨道\公会任务\33_金枪鱼洋流（日）.txt
预制轨道\公会任务\33_金枪鱼洋流（日）+.txt
1	10	0	1	1	1	0	0	1
预制轨道\公会任务\34_探秘金枪鱼洋流（日）.txt

1	10	2	1	1	1	0	0	1
预制轨道\公会任务\35_探秘珊瑚洋流（夜）.txt

1	10	2	1	1	1	0	0	1
预制轨道\公会任务\36_珊瑚洋流（夜）.txt
预制轨道\公会任务\36_珊瑚洋流（夜）+.txt
1	10	0	1	1	1	0	0	1
预制轨道\公会任务\37_通关金枪鱼洋流（日）.txt

1	10	1	1	1	1	0	0	1
预制轨道\公会任务\38_珊瑚洋流（日）.txt
预制轨道\公会任务\38_珊瑚洋流（日）+.txt
1	10	3	1	1	1	0	0	1
预制轨道\公会任务\39_SSS通关北极贝湍流.txt

1	10	1	1	1	1	0	0	1
预制轨道\公会任务\40_探秘珊瑚洋流（日）.txt

1	13	5	1	1	1	0	0	1
预制轨道\公会任务\41_挑战蜥蜴戈壁（夜）.txt
预制轨道\公会任务\41_挑战蜥蜴戈壁（夜）+.txt
1	11	2	1	1	1	0	0	1
预制轨道\公会任务\42_穿越苏打水星（日）.txt
预制轨道\公会任务\42_穿越苏打水星（日）+.txt
1	11	4	1	1	1	0	0	1
预制轨道\公会任务\43_支援汉堡王星（夜）.txt
预制轨道\公会任务\43_支援汉堡王星（夜）+.txt
1	3	20	1	1	1	0	0	1
预制轨道\公会任务\44_SSS级通关炼狱之轮.txt
预制轨道\公会任务\44_SSS级通关炼狱之轮+.txt
1	3	12	1	1	1	0	0	1
预制轨道\公会任务\45_S级通关天空浓雾.txt

1	3	27	1	1	1	0	0	1
预制轨道\公会任务\46_S级通关水火相斥.txt

1	3	35	1	1	1	0	0	1
预制轨道\公会任务\47_SSS级通关巫毒二室.txt

1	3	34	1	1	1	0	0	1
预制轨道\公会任务\48_S级通关巫毒一室.txt

1	3	18	1	1	1	0	0	1
预制轨道\公会任务\49_A级通关炼狱之风.txt
预制轨道\公会任务\49_A级通关炼狱之风+.txt
1	3	8	1	1	1	0	0	1
预制轨道\公会任务\50_S级通关天空静夜.txt

1	3	40	1	1	1	0	0	1
预制轨道\公会任务\51_A级通关风雪前夜.txt
预制轨道\公会任务\51_A级通关风雪前夜+.txt
1	3	41	1	1	1	0	0	1
预制轨道\公会任务\52_SSS通关一级预警.txt
预制轨道\公会任务\52_SSS通关一级预警+.txt
0	3	44	1	1	1	0	0	1
预制轨道\公会任务\53_SSS通关四级霜冻.txt

0	3	45	1	1	1	0	0	1
预制轨道\公会任务\54_SSS通关五级冰雹.txt

1	3	4	1	1	1	0	0	1
预制轨道\公会任务\55_SSS级通关古堡四影.txt

1	7	9	1	1	1	0	0	1
预制轨道\公会任务\56_穷游抹茶庄园.txt

1	6	1	1	1	1	0	0	1
预制轨道\公会任务\57_曲奇岛节约之旅.txt

1	7	2	1	1	1	0	0	1
预制轨道\公会任务\58_节约是个好习惯.txt

1	7	4	1	1	1	0	0	1
预制轨道\公会任务\59_穷游薄荷海滩.txt

1	9	14	1	1	1	0	0	1
预制轨道\公会任务\60_穷游丁香彩虹.txt

1	7	2	1	1	1	0	0	1
预制轨道\公会任务\61_燃烧吧！小火炉.txt

1	10	1	1	1	1	0	0	1
预制轨道\公会任务\62_珊瑚洋流节约之旅.txt

1	6	13	1	1	1	0	0	1
预制轨道\公会任务\63_咖喱岛节约之旅.txt

1	6	12	1	1	1	0	0	1
预制轨道\公会任务\64_可可岛节约之旅.txt

1	12	0	1	1	1	0	0	1
预制轨道\公会任务\65_戚风营地节约之旅.txt

1	12	2	1	1	1	0	0	1
预制轨道\公会任务\66_冰啤酒吧节约之旅.txt

1	8	0	1	1	1	0	0	1
预制轨道\公会任务\67_穷游果仁瀑布.txt

1	6	0	1	1	1	0	0	1
预制轨道\公会任务\68_美味漫游.txt
预制轨道\公会任务\68_美味漫游+.txt
1	7	0	1	1	1	0	0	1
预制轨道\公会任务\69_火山漫游.txt
预制轨道\公会任务\69_火山漫游+.txt
1	9	0	1	1	1	0	0	1
预制轨道\公会任务\70_浮空漫游.txt
预制轨道\公会任务\70_浮空漫游+.txt
1	13	8	1	1	1	0	0	1
预制轨道\公会任务\71_米苏失踪之谜.txt
预制轨道\公会任务\71_米苏失踪之谜+.txt
1	15	5	1	1	1	0	0	1
预制轨道\公会任务\72_音乐节狂欢.txt
预制轨道\公会任务\72_音乐节狂欢+.txt
1	10	6	1	1	1	0	0	1
预制轨道\公会任务\73_沉落的宝藏.txt

1	14	4	1	1	1	0	0	1
预制轨道\公会任务\74_let it go.txt
预制轨道\公会任务\74_let it go+.txt
1	11	4	1	1	1	0	0	1
预制轨道\公会任务\75_爆破星球.txt
预制轨道\公会任务\75_爆破星球+.txt
1	12	5	1	1	1	0	0	1
<1,4,6,7,8,9,11>预制轨道\公会任务\76_宁缺毋滥.txt
<2,3,4,5,6>预制轨道\公会任务\76_宁缺毋滥+.txt
0	11	9	1	1	1	0	0	1
预制轨道\公会任务\77_终极挑战.txt

0	11	6	1	1	1	0	0	1
预制轨道\公会任务\78_亡羊补牢.txt

1	11	5	1	1	1	0	0	1
预制轨道\公会任务\79_鼠族难题1P.txt
预制轨道\公会任务\79_鼠族难题1P+.txt
1	11	5	1	1	1	0	0	1
预制轨道\公会任务\79_鼠族难题2P.txt
预制轨道\公会任务\79_鼠族难题2P+.txt
