列表版本号=v4.5
锁定=1
1	7	1	1	1	1	0	0	1
预制轨道\通用轨道\7火山\1芥末日.txt

1	7	4	1	1	1	0	0	1
预制轨道\通用轨道\7火山\4薄荷夜.txt

1	7	5	1	1	1	0	0	1
<1,7,8,9,10,11>预制轨道\通用轨道\7火山\5城堡.txt
<1,7,8,9,10,11>预制轨道\美食大赛\7火山\5城堡+.txt
1	7	7	1	1	1	0	0	1
<6>预制轨道\通用轨道\7火山\7炭烧夜.txt
<6>预制轨道\美食大赛\7火山\7炭烧夜+.txt
1	7	8	1	1	1	0	0	1
预制轨道\通用轨道\7火山\8抹茶日.txt

1	7	9	1	1	1	0	0	1
预制轨道\通用轨道\7火山\9抹茶夜.txt

1	7	10	1	1	1	0	0	1
<1,4,6,7,8,9,11>预制轨道\通用轨道\7火山\10港口.txt
<1,4,6,7,8,9,11>预制轨道\美食大赛\7火山\10港口+.txt
1	7	11	1	1	1	0	0	1
预制轨道\通用轨道\7火山\11棉花日.txt

1	7	12	1	1	1	0	0	1
预制轨道\通用轨道\7火山\12棉花夜.txt
<7>预制轨道\美食大赛\7火山\12棉花夜+.txt
1	7	13	1	1	1	0	0	1
预制轨道\通用轨道\7火山\13果酱日.txt

1	7	14	1	1	1	0	0	1
预制轨道\通用轨道\7火山\14果酱夜.txt

1	9	1	1	1	1	2	0	1
预制轨道\通用轨道\9浮空\1竹筏日.txt
预制轨道\通用轨道\9浮空\1竹筏日.txt
1	9	2	1	1	1	2	0	1
预制轨道\通用轨道\9浮空\2竹筏夜.txt
预制轨道\通用轨道\9浮空\2竹筏夜.txt
1	9	3	1	1	1	2	0	1
预制轨道\通用轨道\9浮空\3断桥日.txt
预制轨道\通用轨道\9浮空\3断桥日.txt
1	9	4	1	1	1	2	0	1
预制轨道\通用轨道\9浮空\4断桥夜.txt
预制轨道\通用轨道\9浮空\4断桥夜.txt
1	9	5	1	1	1	2	0	1
<5>预制轨道\美食大赛\9浮空\5花园_禁糖葫芦.txt
<5>预制轨道\美食大赛\9浮空\5花园_禁糖葫芦.txt
1	9	6	1	1	1	2	0	1
预制轨道\通用轨道\9浮空\6月桂日.txt
预制轨道\通用轨道\9浮空\6月桂日.txt
1	9	7	1	1	1	2	0	1
预制轨道\通用轨道\9浮空\7月桂夜.txt
预制轨道\通用轨道\9浮空\7月桂夜.txt
1	9	8	1	1	1	2	0	1
预制轨道\通用轨道\9浮空\8香叶日.txt
预制轨道\通用轨道\9浮空\8香叶日.txt
1	9	10	1	1	1	2	0	1
预制轨道\通用轨道\9浮空\10飞船.txt
预制轨道\通用轨道\9浮空\10飞船.txt
