列表版本号=v4.7
锁定=1
1	6	1	1	1	1	0	0	1
预制轨道\通用轨道\6美味\1曲奇.txt

1	6	2	1	1	1	0	0	1
预制轨道\通用轨道\6美味\2色拉陆.txt

1	6	3	1	1	1	0	0	1
预制轨道\通用轨道\6美味\3色拉水.txt

1	6	4	1	1	1	0	0	1
预制轨道\通用轨道\6美味\4慕斯.txt

1	6	5	1	1	1	0	0	1
预制轨道\通用轨道\6美味\5香槟陆.txt

1	6	6	1	1	1	0	0	1
预制轨道\通用轨道\6美味\6香槟水.txt

1	6	7	1	1	1	0	0	1
预制轨道\通用轨道\6美味\7神殿.txt

1	6	10	1	1	1	0	0	1
预制轨道\通用轨道\6美味\10布丁夜.txt

1	6	11	1	1	1	0	0	1
预制轨道\通用轨道\6美味\11可可日.txt

1	6	13	1	1	1	0	0	1
预制轨道\通用轨道\6美味\13咖喱日.txt

1	6	10	1	1	1	0	0	1
预制轨道\通用轨道\6美味\10布丁夜.txt

1	6	7	1	1	1	0	0	1
预制轨道\通用轨道\6美味\7神殿.txt

1	7	6	1	1	1	0	0	1
预制轨道\通用轨道\7火山\6炭烧日.txt

1	7	12	1	1	1	0	0	1
预制轨道\通用轨道\7火山\12棉花夜.txt

1	7	13	1	1	1	0	0	1
预制轨道\通用轨道\7火山\13果酱日.txt

1	7	15	1	1	1	0	0	1
预制轨道\通用轨道\7火山\15火山.txt

1	7	1	1	1	0	0	0	1
预制轨道\通用轨道\7火山\1芥末日.txt

1	7	8	1	1	0	0	0	1
<2>预制轨道\美食大赛\7火山\8抹茶日_禁小火炉.txt

1	7	14	1	1	0	0	0	1
预制轨道\通用轨道\7火山\14果酱夜.txt

1	7	2	1	1	0	0	0	1
预制轨道\通用轨道\7火山\2芥末夜.txt

1	9	5	1	1	0	0	0	1
<1,6,7,10>预制轨道\通用轨道\9浮空\5花园.txt

1	6	7	1	1	0	0	0	1
预制轨道\通用轨道\6美味\7神殿.txt

1	6	15	1	1	0	0	0	1
<2>预制轨道\美食大赛\6美味\15深渊_禁小火炉.txt

1	16	0	1	1	0	0	0	1
预制轨道\通用轨道\16奇境\0兔子日.txt

1	16	1	1	1	0	0	0	1
<7,8,9>预制轨道\通用轨道\16奇境\1兔子夜.txt

