轨道版本号=v4.6
注释=
人物1位置=12
人物2位置=72
魔塔层数=0
退出时间=0
刷技能模式=0
优先队列=
卡槽数=12
宝石	120[0]
铲子	0[0]
咖啡粉	7[4]
小火炉	7[3]补极	000|43	000|53	000|14	000|24	000|74	000|11	000|21	000|31	000|51	000|61	000|71	000|23	000|33	000|63	000|34	000|44	000|54	000|64
海星	7[3]补极	000|78	000|58	000|38	000|18	000|41	000|68	000|48	000|28	000|77	000|67	000|47	000|37	000|17	000|76	000|66	000|56	000|36	000|16	000|75	000|65	000|55	000|15	000|57	000|27	000|46	000|26	000|45	000|35	000|25
冰激凌	42[5]补极	000|78
糖葫芦	7[3]
木盘子	7[1]
麦芽糖	7[1]补极	000|78	000|18	000|68	000|28	000|77	000|67	000|17	000|57	000|27	000|56	000|46	000|36	000|26	000|34	000|44	000|54	000|64
瓜皮	15[2]补极	000|41
处女座	30[2]
油灯	12[3]
狮子座	35[3]
布丁	7[3]补极	000|13	000|22	000|32	000|42	000|52	000|62	000|73
