轨道版本号=v4.6
注释=
人物1位置=12
人物2位置=72
魔塔层数=0
退出时间=0
刷技能模式=0
优先队列=
卡槽数=11
宝石	120[0]
铲子	0[0]
咖啡粉	7[4]
小火炉	7[3]补极	004|32	000|52	000|43	000|53	000|14	000|24	000|74	000|22	000|62	000|13	000|23	000|33	000|63	000|73	000|34	000|44	000|64
海星	7[3]补极独	001|47	005|77	000|67	000|37	000|17	000|41	000|38	000|68	000|78	000|18	000|76	000|66	000|56	000|36	000|16	000|75	000|65	000|55	000|15	000|48	000|28	000|58	000|27	000|57	000|26	000|46	000|25
冰沙	35[5]独	004|00	039|00	074|00	109|00	144|00	179|00	214|00	249|00	284|00	319|00	354|00	389|00	424|00	459|00	494|00	529|00	564|00	599|00	634|00	669|00	704|00	739|00	774|00	809|00	844|00	879|00	914|00	949|00
糖葫芦	7[3]
木盘子	7[1]
麦芽糖	7[1]补极	004|77	000|67	000|17	000|68	000|78	000|18	000|54	000|28	000|27	000|57	000|56	000|46	000|36	000|26	000|34	000|44	000|64
瓜皮	15[2]补极独	041|41	000|47	000|77	000|67	000|37	000|17	000|57	000|27
处女座	30[2]
油灯	12[3]
面粉袋	7[3]补极	004|35	000|45	000|54
--第2波--
宝石	120[0]继
铲子	0[0]继
咖啡粉	7[4]继
小火炉	7[3]补极继
海星	7[3]补极独	000|47	000|77	000|67	000|37	000|17	000|41	000|38	000|68	000|78	000|18	000|76	000|66	000|56	000|36	000|16	000|75	000|65	000|55	000|15	000|48	000|46	000|59	000|69	000|79	000|19
冰沙	34[5]独继
糖葫芦	7[3]继
木盘子	7[1]继
麦芽糖	7[1]极继
瓜皮	15[2]补极	000|59	000|69	000|79	000|19	000|41	000|47	000|77	000|67	000|37	000|17	000|38	000|68	000|78	000|18	000|48	000|58	000|28	000|27	000|57
处女座	30[2]补极	000|59	000|69	000|79	000|19
油灯	12[3]继
面粉袋	7[3]补
