轨道版本号=v4.5
注释=
人物1位置=13
人物2位置=73
魔塔层数=0
退出时间=0
刷技能模式=0
卡槽数=11
宝石	120[0]
铲子	0[0]
咖啡粉	7[4]
小火炉	7[3]补极	000|11	000|21	000|31	000|41	000|51	000|61	000|71	000|12	000|22	000|32	000|42	000|52	000|62	000|72
海星	7[3]补极	000|28	000|38	000|48	000|58	000|68	000|77	000|17	000|27	000|37	000|47	000|57	000|67	000|26	000|36	000|46	000|56	000|66	000|25	000|35	000|55	000|65	000|16	000|76	000|15	000|75
冰激凌	42[5]
糖葫芦	7[3]
木盘子	7[1]	002|17	009|77	016|16	023|76	030|15	037|75	044|14	051|74
棉花糖	30[1]
瓜皮	15[2]
处女座	30[2]
油灯	12[3]
狮子座	35[3]
