轨道版本号=v4.5
注释=
人物1位置=13
人物2位置=73
魔塔层数=0
退出时间=0
刷技能模式=0
卡槽数=12
宝石	120[0]
铲子	0[0]
咖啡粉	7[4]
小火炉	7[3]补极	000|12	000|22	000|32	000|42	000|52	000|62	000|72	000|23	000|33	000|43	000|53	000|63	000|65	000|14	000|74	000|25	000|35	000|45	000|55
海星	7[3]补极	000|47	000|67	000|77	000|17	000|59	000|37	000|78	000|18	000|68	000|16	000|36	000|56	000|66	000|76	000|69	000|49	000|39	000|27	000|57	000|46	000|26
冰激凌	42[5]
糖葫芦	7[3]补极独	045|15	000|75	000|24	000|64	000|34	000|44	000|54
木盘子	7[1]补极	000|59	000|47	000|37	000|36	000|56	000|31	000|41	000|51	000|49	000|39	000|57	000|46	000|35	000|45	000|55	000|34	000|44	000|54	000|33	000|43	000|53	000|32	000|42	000|52
棉花糖	30[1]极	000|16	000|26	000|66	000|76	000|15	000|25	000|65	000|75	000|14	000|24	000|64	000|74
瓜皮	15[2]补极	000|59	000|49	000|39
处女座	30[2]
油灯	12[3]
狮子座	35[3]
布丁	7[3]补极	000|11	000|21	000|31	000|41	000|51	000|61	000|71
