人物1位置=64
宝石波次=
卡槽数=10
铲子	7s	069|75	076|61	083|51	084|65	085|55	086|54	087|53	090|41	096|71	097|31	103|11	104|21	140|15	176|43	177|63	264|33	265|35	326|32	333|42	334|12	341|72	347|62	353|46	354|76	442|26
小火炉	7s锁	002|41	009|51	021|61	028|71	035|42	042|62	049|43	056|72
酒杯灯	7s锁	021|14	028|15	035|25	042|26	049|35
布丁	7s锁	097|71	104|11	335|12	342|72
海星	7s锁	021|76	028|67	035|47	042|56	049|46	056|36	063|16	070|75	077|61	084|51	091|41	098|31	105|21	141|15	185|45	192|65	274|35	281|55	320|22	327|32	334|42	341|52	348|62	365|76
狮子座	35s锁	036|37	038|57	073|17	108|77	143|77	178|77	213|77	248|77	283|77
海盐粉	42s锁	092|22	094|52	136|24	181|45	183|65	225|43	227|63	270|35	272|55	314|33	316|53	359|46	361|76	448|26	450|46
冰激凌	42s锁	035|37	091|22	180|45	224|43	269|35	313|33	358|46	447|26
初始火	20s锁	000|11	000|12	000|13	000|21	000|23	000|31	000|32	000|33	000|53	000|54	000|55	000|63	000|65	000|73	000|74	000|75
风暴	7s锁	000|33	000|54	000|44	000|57	000|35
障碍	7s锁	000|34	000|44	000|27	000|66
