轨道版本号=v4.4
注释=
人物1位置=62,52
人物2位置=22,32
魔塔层数=0
退出时间=0
卡槽数=12
宝石	120[0]
铲子	0[0]	002|19	002|29	002|39	002|49	002|59	002|69	002|79	002|18	002|28	002|38	002|48	002|58	002|68	002|78	005|17	005|27	005|37	005|47	005|57	005|67	005|77	005|16	005|26	005|36	005|46	005|56	005|66	005|76
木塞子	7[1]极继
小火炉	7[3]补极	000|12	000|23	000|32	000|52	000|63	000|72	000|13	000|24	000|33	000|43	000|53	000|64	000|73	000|14	000|34	000|54	000|74	000|35
海星	7[3]补极	000|41	000|48	000|47	000|28	000|68	000|78	000|46	000|38	000|58	000|18	000|27	000|67	000|17	000|77	000|26	000|36	000|56	000|66	000|16	000|76
冰沙	33[5]极独,0,0,0,,狮子座,1
糖葫芦	7[3]补极,0,0,0,,狮子座,1	000|25	000|65	000|15	000|55	000|75	000|45
木盘子	4[1]极继
棉花糖	30[1]极继
瓜皮	15[2]补极独	060|48	000|28	000|68	000|78	000|38	000|58	000|18
处女座	30[2]
狮子座	35[3]补极	000|37	000|57
油灯	12[3]补极独	025|44
布丁	7[3]补极独	030|71	000|11	000|61	000|51	000|42	000|31	000|21
--第2波--
宝石	120[0]
铲子	0[0]	001|14	001|34	010|54	015|74	020|35
木塞子	7[1]继
小火炉	7[3]补极	000|12	000|23	000|32	000|52	000|63	000|72	000|13	000|24	000|33	000|43	000|53	000|64	000|73
海星	7[3]极继
冰沙	33[5]极独,0,0,0,,,1
糖葫芦	7[3]补极,0,0,0,,,1	000|14	000|25	000|34	000|54	000|65	000|74	000|15	000|35	000|45	000|55	000|75
木盘子	4[1]极继
棉花糖	30[1]独继
瓜皮	15[2]极独继
处女座	30[2]
狮子座	35[3]极继
油灯	12[3]极独继
布丁	7[3]极独继
