轨道版本号=v4.6
注释=
人物1位置=15
人物2位置=76
魔塔层数=0
退出时间=0
刷技能模式=0
优先队列=海星,海星,糖葫芦,狮子座
卡槽数=11
宝石	120[0]
铲子	0[0]
咖啡粉	7[4]
小火炉	7[3]补极绝	000|34	000|44	000|54	000|13	000|23	000|33	000|43	000|53	000|61	000|71	000|62	000|72	000|63	000|73	000|64	000|74	000|65	000|75	000|66	000|76	000|14	000|24	000|15	000|25	000|16	000|26	000|17	000|27	000|18	000|28
海星	7[3]补极,0,0,200	000|35	000|55	000|45	000|12	000|37	000|47	000|57	000|67	000|77
冰激凌	42[5]x补极,0,0,0,,狮子座,1	000|36
糖葫芦	7[3]补极	000|46	000|52	000|42	000|32	000|22
木盘子	7[1]
麦芽糖	7[1]
瓜皮	15[2]补极	000|36	000|56	000|46	000|35	000|45	000|55
处女座	30[2]补极	000|36	000|56	000|46	000|35	000|45	000|55
油灯	12[3]
狮子座	35[3]补极	000|36	000|56
--第3波--
宝石	120[0]
铲子	7[0]	001|38	001|48	001|58	001|68	001|78	008|37	008|47	008|57	008|67	008|77	015|34	022|44	029|54
咖啡粉	7[4]
小火炉	7[3]补极绝	002|13	000|23	000|33	000|43	000|53	000|61	000|71	000|62	000|72	000|63	000|73	000|64	000|74	000|65	000|75	000|66	000|76	000|14	000|24	000|15	000|25	000|16	000|26	000|17	000|27	000|18	000|28
海星	7[3]补极,0,0,200	000|35	000|45	000|55	000|38	000|48	000|58	000|68	000|78
冰激凌	42[5]x补极继,0,0,0,,狮子座,1
糖葫芦	7[3]补极	002|34	000|44	000|54	000|52	000|42	000|32	000|22	000|46	000|37	000|47	000|57	000|67	000|77
木盘子	7[1]
麦芽糖	7[1]
瓜皮	15[2]补极继
处女座	30[2]补极继
油灯	12[3]
狮子座	35[3]补极继
--第4波--
宝石	120[0]
铲子	0[0]	001|13	001|23	001|33	001|43	001|53
咖啡粉	7[4]
小火炉	7[3]补极绝	002|61	000|71	000|62	000|72	000|63	000|73	000|64	000|74	000|65	000|75	000|66	000|76	000|14	000|24	000|15	000|25	000|16	000|26	000|17	000|27	000|18	000|28
海星	7[3]补极继,0,0,200
冰激凌	42[5]x补极继,0,0,0,,狮子座,1
糖葫芦	7[3]补极	002|34	000|44	000|54	000|13	000|23	000|33	000|43	000|53	000|77	000|67	000|57	000|47	000|46	000|37	000|68	000|58	000|48	000|52	000|42	000|32	000|22
木盘子	7[1]
麦芽糖	7[1]
瓜皮	15[2]补极继
处女座	30[2]补极继
油灯	12[3]
狮子座	35[3]补极继
