轨道版本号=v4.21
注释=
人物1位置=11
人物2位置=71
魔塔层数=0
退出时间=0
卡槽数=13
宝石	120[0]
铲子	0[0]	002|31	002|41	002|51
小火炉	7[3]补	002|21	012|31	019|41	026|51	033|61	040|13	047|23	054|33	061|43	068|53	075|63	082|73	089|12	096|22	103|32	110|42	117|52	124|62	131|72	138|16	145|26	152|36	159|46	166|56	173|66	180|76
海星	7[3]补	032|15	052|25	059|35	066|45	073|55	080|65	087|75	094|17	101|27	108|37	115|47	122|57	129|67	136|77	143|18	150|28	157|38	164|48	171|58	178|68	185|78
冰激凌	42[5]x
糖葫芦	7[3]补	046|14	081|24	091|34	102|44	109|54	116|64	123|74
木盘子	7[1]
棉花糖	5[1]
瓜皮	15[2]
处女座	30[2]
开水壶	29[3]
油灯	12[3]
狮子座	35[3]
布丁	7[3]
咖啡粉	7[4]
