轨道版本号=v4.21
注释=
人物1位置=11
人物2位置=65
魔塔层数=0
退出时间=0
卡槽数=12
宝石	120[0]
铲子	7[0]
小火炉	7[3]补	002|31	012|41	019|51	026|11	033|21	040|61	047|71	054|12	061|22	068|62	075|72	082|13	089|23	096|63	103|73	110|14	117|24	124|64	131|74	138|00	145|00	152|00	159|00	166|00	173|00	180|00	187|00	194|00	201|00	208|00	215|00	222|00	229|00	236|00	243|00	250|00	257|00	264|00	271|00	278|00	285|00	292|00	299|00	306|00	313|00	320|00	327|00	334|00	341|00	348|00	355|00	362|00	369|00	376|00	383|00	390|00	397|00	404|00	411|00	418|00	425|00	432|00	439|00	446|00	453|00	460|00	467|00	474|00	481|00	488|00	495|00	502|00	509|00	516|00	523|00	530|00	537|00	544|00	551|00	558|00	565|00	572|00	579|00	586|00	593|00	600|00	607|00	614|00	621|00	628|00	635|00	642|00	649|00	656|00	663|00	670|00	677|00	684|00	691|00	698|00	705|00	712|00	719|00	726|00	733|00	740|00	747|00	754|00	761|00	768|00	775|00	782|00	789|00	796|00	803|00	810|00	817|00	824|00	831|00	838|00	845|00	852|00	859|00	866|00	873|00	880|00	887|00	894|00	901|00	908|00	915|00	922|00	929|00	936|00	943|00	950|00	957|00
海星	7[3]补	032|43	052|48	059|45	091|58	098|38	105|35	112|55	119|34	126|44	133|54	140|33	147|53	154|00	161|00	168|00	175|00	182|00	189|00	196|00	203|00	210|00	217|00	224|00	231|00	238|00	245|00	252|00	259|00	266|00	273|00	280|00	287|00	294|00	301|00	308|00	315|00	322|00	329|00	336|00	343|00	350|00	357|00	364|00	371|00	378|00	385|00	392|00	399|00	406|00	413|00	420|00	427|00	434|00	441|00	448|00	455|00	462|00	469|00	476|00	483|00	490|00	497|00	504|00	511|00	518|00	525|00	532|00	539|00	546|00	553|00	560|00	567|00	574|00	581|00	588|00	595|00	602|00	609|00	616|00	623|00	630|00	637|00	644|00	651|00	658|00	665|00	672|00	679|00	686|00	693|00	700|00	707|00	714|00	721|00	728|00	735|00	742|00	749|00	756|00	763|00	770|00	777|00	784|00	791|00	798|00	805|00	812|00	819|00	826|00	833|00	840|00	847|00	854|00	861|00	868|00	875|00	882|00	889|00	896|00	903|00	910|00	917|00	924|00	931|00	938|00	945|00	952|00	959|00
冰激凌	42[5]x	076|37
糖葫芦	7[3]	046|52	099|42	109|32
木盘子	7[1]
棉花糖	5[1]独	062|49	092|69	152|39	332|39
瓜皮	15[2]补极	084|37	128|57	000|47
处女座	30[2]补极	086|57	135|37	000|47
开水壶	29[3]
油灯	12[3]
狮子座	35[3]	076|37	080|57	128|47
布丁	7[3]
