轨道版本号=v4.9.4
注释=
人物1位置=13
人物2位置=73
魔塔层数=0
退出时间=0
刷技能模式=0
优先队列=海星,海星,糖葫芦,狮子座
卡槽数=11
宝石	120[0]
铲子	7[0]
咖啡粉	7[4]
小火炉	7[3]补极绝	000|12	000|32	000|52	000|72	000|14	000|34	000|54	000|74	000|21	000|61	000|22	000|62	000|23	000|63	000|24	000|64	000|25	000|65	000|16	000|36	000|56	000|76
海星	7[3]补极,0,0,200	000|58	000|78	000|38	000|18	000|31	000|15	000|35	000|55	000|75	000|42	000|43	000|44	000|45	000|46	000|47	000|48	000|49
冰激凌	42[5]x补极,0,0,0,,狮子座,1	000|37
糖葫芦	7[3]补极,0,0,275	000|53	000|33	000|11	000|71
木盘子	7[1]
麦芽糖	7[1]独	020|49	034|49	049|69	061|69	076|29	091|79	181|79	241|79	271|29
瓜皮	15[2]补极	000|37	000|57	000|17	000|77
处女座	30[2]补极	000|37	000|57	000|17	000|77
油灯	12[3]补极	000|51
狮子座	35[3]补极	000|37	000|57	000|17	000|77
--第3波--
宝石	120[0]
铲子	0[0]	001|14	001|34	001|54	001|74
咖啡粉	7[4]
小火炉	7[3]补极绝	002|12	000|32	000|52	000|72	000|21	000|61	000|22	000|62	000|23	000|63	000|24	000|64	000|25	000|65	000|16	000|36	000|56	000|76
海星	7[3]补极,0,0,200	002|58	000|78	000|38	000|18	000|31	000|15	000|35	000|55	000|75	000|42	000|43	000|44	000|45	000|46	000|47	000|48	000|49	000|14	000|34	000|54	000|74
冰激凌	42[5]x极继,0,0,0,,狮子座,1
糖葫芦	7[3]补极继,0,0,0,,狮子座,2
木盘子	7[1]
麦芽糖	7[1]独继
瓜皮	15[2]补极继
处女座	30[2]补极继
油灯	12[3]补极继
狮子座	35[3]补极继
