轨道版本号=v4.6.2
注释=
人物1位置=53
魔塔层数=0
退出时间=0
刷技能模式=0
优先队列=
卡槽数=10
宝石	120[0]独
铲子	0[0]独
冰桶	17[3]补极独	058|14	068|00	098|00	115|00	132|00	149|00	166|00	183|00	200|00	217|00	234|00	251|00	268|00	285|00	302|00	319|00	336|00	353|00	370|00	387|00	404|00	421|00	438|00	455|00	472|00	489|00	506|00	523|00	540|00	557|00	574|00	591|00	608|00	625|00	642|00	659|00	676|00	693|00	710|00	727|00	744|00	761|00	778|00	795|00	812|00	829|00	846|00	863|00	880|00	897|00	914|00	931|00	948|00
小火炉	7[3]补独,0,0,130
冰激凌	34[5]x补极独	057|14	097|00	131|00	165|00	199|00	233|00	267|00	301|00	335|00	369|00	403|00	437|00	471|00	505|00	539|00	573|00	607|00	641|00	675|00	709|00	743|00	777|00	811|00	845|00	879|00	913|00	947|00
木盘子	7[1]
麦芽糖	7[1]
瓜皮	15[2]补极独	000|16	000|26	000|36	000|45	000|56	000|66	000|76
布丁	7[3]补独,0,0,500
辣椒粉	7[3]补极独	000|16	000|26	000|36	000|45	000|56	000|66	000|76
面粉袋	30[3]补极独	000|16	000|26	000|36	000|45	000|56	000|66	000|76
开水壶	30[3]补极独,0,0,500,,,0,瓦力,1	000|67
--第7波--
宝石	120[0]独继,0,0,0,9
铲子	0[0]独继
冰桶	30[3]补极独	000|14
小火炉	7[3]补极独继,0,0,500
冰激凌	34[5]补独
木盘子	7[1]独
麦芽糖	7[1]
瓜皮	15[2]补极独继
布丁	7[3]补极独继,0,0,500
辣椒粉	7[3]补极独继
面粉袋	30[3]补极独继
开水壶	17[3]补独	003|67
--第8波--
宝石	120[0]极独继,0,0,0,9
铲子	0[0]独继
冰桶	30[3]补独继
小火炉	7[3]补极独继,0,0,500
冰激凌	34[5]补极独,0,0,500,,,0,,0,,,开水壶	000|67
木盘子	7[1]独
麦芽糖	7[1]
瓜皮	15[2]补极独继
布丁	7[3]补极独,0,0,500	000|11	000|71
辣椒粉	7[3]补极独继
面粉袋	30[3]补极独继
开水壶	17[3]补极独,0,0,500,8.1,,0,瓦力,1	000|67
--第10波--
宝石	120[0]极独继,0,0,0,9
铲子	0[0]独继
冰桶	30[3]补独继
小火炉	7[3]补极独继,0,0,500
冰激凌	34[5]补独继
木盘子	7[1]独
麦芽糖	7[1]
瓜皮	15[2]补极独继
布丁	7[3]补极独,0,0,500	000|12	000|72
辣椒粉	7[3]补极独继
面粉袋	30[3]补极独继
开水壶	17[3]独继,0,0,500
