轨道版本号=v4.6
注释=
人物1位置=63
魔塔层数=0
退出时间=0
刷技能模式=0
优先队列=
卡槽数=9
宝石	120[0]
铲子	0[0]独
咖啡粉	7[4]
小火炉	7[3]
冰激凌	45[5]补独	030|12	075|00	120|00	165|00	210|00	255|00	300|00	345|00	390|00	435|00	480|00	525|00	570|00	615|00	660|00	705|00	750|00	795|00	840|00	885|00	930|00
木盘子	7[1]
麦芽糖	7[1]
瓜皮	15[2]补极,0,0,300	000|49	000|39	000|59	000|29	000|69	000|18	000|78
布丁	7[3]独
面粉袋	30[3]
吹风机	45[3]补独	030|12	075|00	120|00	165|00	210|00	255|00	300|00	345|00	390|00	435|00	480|00	525|00	570|00	615|00	660|00	705|00	750|00	795|00	840|00	885|00	930|00
