轨道版本号=v4.4
注释=
人物1位置=22
人物2位置=62
魔塔层数=0
退出时间=0
卡槽数=11
宝石	120[0]
铲子	0[0]
咖啡粉	7[4]
小火炉	7[3]补极	002|12	012|42	019|52	026|72	033|13	040|23	047|33	054|43	061|53	068|63	075|73	082|36	089|56	096|16	103|76
海星	7[3]补极	034|46	044|48	073|47	080|38	087|58	094|45	101|44	108|11	000|21	000|31	000|41	000|51	000|61	000|71	000|15	000|25	000|35	000|55	000|65	000|75	000|14	000|24	000|34	000|54	000|64	000|74
冰激凌	42[5]补	058|37	101|57
糖葫芦	7[3]补
木盘子	7[1]
棉花糖	10[1]
瓜皮	15[2]补极	112|11	000|21	000|31	000|41	000|51	000|61	000|71	000|12	000|22	000|32	000|42	000|52	000|62	000|72	000|13	000|23	000|33	000|43	000|53	000|63	000|73	000|24	000|34	000|44	000|54	000|64	000|37	000|47	000|57	000|38	000|48	000|58
处女座	30[2]补极	112|15	000|25	000|35	000|45	000|55	000|65	000|75	000|26	000|36	000|46	000|56	000|66	000|37	000|47	000|57	000|38	000|48	000|58
吹风机	50[3]补极	021|32	000|27	000|67	000|18	000|78
狮子座	35[3]补极	053|37	066|57	101|26	109|66
