轨道版本号=v4.6
注释=
人物1位置=63
魔塔层数=0
退出时间=0
刷技能模式=0
优先队列=
卡槽数=10
宝石	120[0]
铲子	0[0]
咖啡粉	7[4]
小火炉	7[3]
冰激凌	34[5]补独
木盘子	7[1]
麦芽糖	7[1]极独	000|11	000|21	000|31	000|41	000|51	000|61	000|71	000|12	000|22	000|32	000|42	000|52	000|62	000|72	000|11	000|21	000|31	000|41	000|51	000|61	000|71	000|12	000|22	000|32	000|42	000|52	000|62	000|72	000|11	000|21	000|31	000|41	000|51	000|61	000|71	000|12	000|22	000|32	000|42	000|52	000|62	000|72	000|11	000|21	000|31	000|41	000|51	000|61	000|71	000|12	000|22	000|32	000|42	000|52	000|62	000|72	000|11	000|21	000|31	000|41	000|51	000|61	000|71	000|12	000|22	000|32	000|42	000|52	000|62	000|72	000|11	000|21	000|31	000|41	000|51	000|61	000|71	000|12	000|22	000|32	000|42	000|52	000|62	000|72	000|11	000|21	000|31	000|41	000|51	000|61	000|71	000|12	000|22	000|32	000|42	000|52	000|62	000|72	000|11	000|21	000|31	000|41	000|51	000|61	000|71	000|12	000|22	000|32	000|42	000|52	000|62	000|72	000|11	000|21	000|31	000|41	000|51	000|61	000|71	000|12	000|22	000|32	000|42	000|52	000|62	000|72
瓜皮	15[2]补极,0,0,475	000|11	000|21	000|31	000|41	000|51	000|61	000|71	000|12	000|22	000|32	000|42	000|52	000|62	000|72	000|13	000|23	000|33	000|43	000|53	000|63	000|73	000|24	000|34	000|44	000|54	000|64	000|15	000|25	000|35	000|45	000|55	000|65	000|75	000|26	000|36	000|46	000|56	000|66	000|37	000|47	000|57	000|38	000|48	000|58
布丁	7[3]
面粉袋	30[3]
油灯	12[3]
开水壶	17[3]独
--第3.4波--
宝石	120[0]继
铲子	0[0]继
咖啡粉	7[4]
小火炉	7[3]继
冰激凌	42[5]独继
木盘子	7[1]继
麦芽糖	7[1]继
瓜皮	15[2]继
布丁	7[3]补极	003|11	000|21	000|31	000|41	000|51	000|61	000|71
面粉袋	30[3]继
油灯	12[3]
开水壶	29[3]继
--第4波--
宝石	120[0]继
铲子	0[0]继
咖啡粉	7[4]
小火炉	7[3]继
冰激凌	42[5]独继
木盘子	7[1]继
麦芽糖	7[1]继
瓜皮	15[2]补极	000|38	000|48	000|58	000|27	000|37	000|47	000|57	000|67	000|16	000|26	000|36	000|46	000|56	000|66	000|76
布丁	7[3]极继
面粉袋	30[3]继
油灯	12[3]
开水壶	29[3]继
