轨道版本号=v4.6
注释=
人物1位置=12
人物2位置=73
魔塔层数=0
退出时间=0
刷技能模式=0
优先队列=海星,海星,防风草,冰沙,防风草,海星,海星,狮子座,冰沙,狮子座
卡槽数=13
宝石	120[0]
铲子	0[0]
咖啡粉	7[4]
小火炉	7[3]补极绝独	000|31	000|41	000|51	000|23	000|33	000|43	000|53	000|62	000|24	000|34	000|44	000|64	000|14	000|74	000|16	000|76	000|18	000|78
海星	7[3]补极独,0,0,200	000|46	000|48	000|26	000|66	000|36	000|56	000|15	000|25	000|45	000|55	000|65	000|75
冰沙	34[5]极独
糖葫芦	7[3]
木盘子	7[1]
麦芽糖	7[1]
瓜皮	15[2]补极独	000|35	000|11	000|21	000|31	000|41	000|51	000|61	000|71	000|12	000|22	000|42	000|52	000|32	000|62	000|72	000|13	000|23	000|33	000|43	000|53	000|63	000|73	000|15	000|25	000|45	000|55	000|65	000|75	000|27	000|37	000|47	000|57	000|67	000|24	000|34	000|44	000|54	000|64	000|26	000|36	000|46	000|56	000|66	000|48
处女座	30[2]独
多拿滋	7[3]补极独	000|11	000|71	000|21	000|61	000|32	000|52	000|13	000|72	000|22	000|63	000|42
狮子座	35[3]补极独	000|37	000|57	000|27	000|67
防风草	50[3]补极独	000|35	000|54
开水壶	17[3]
--第0.5波--
宝石	120[0]
铲子	0[0]
咖啡粉	7[4]
小火炉	7[3]补极绝独继
海星	7[3]补极独继,0,0,200
冰沙	34[5]独	030|00	064|00	098|00	132|00	166|00	200|00	234|00	268|00	302|00	336|00	370|00	404|00	438|00	472|00	506|00	540|00	574|00	608|00	642|00	676|00	710|00	744|00	778|00	812|00	846|00	880|00	914|00	948|00
糖葫芦	7[3]
木盘子	7[1]
麦芽糖	7[1]
瓜皮	15[2]补极独继
处女座	30[2]独
多拿滋	7[3]补极独继
狮子座	35[3]补极独继
防风草	50[3]补极独继
开水壶	17[3]
--第3.4波--
宝石	120[0]继
铲子	0[0]独	001|36	001|62	001|11	001|24	008|21	008|34	015|31	015|44	022|41	022|54	029|51	029|64	036|61	036|71
咖啡粉	7[4]
小火炉	7[3]补极	000|23	000|33	000|43	000|53	000|14	000|74	000|16	000|76	000|18	000|78
海星	7[3]补极	000|26	000|46	000|56	000|66	000|15	000|25	000|35	000|45	000|55	000|65	000|75	000|48	000|24	000|34	000|44	000|54	000|64
冰沙	33[5]继
糖葫芦	7[3]继
木盘子	7[1]继
麦芽糖	7[1]继
瓜皮	15[2]补极继
处女座	30[2]极继
多拿滋	7[3]补极	000|22	000|32	000|42	000|52	000|63	000|13	000|72
狮子座	35[3]继
防风草	50[3]补极	000|36	000|62
开水壶	17[3]
--第4波--
宝石	120[0]继
铲子	7[0]独	001|16	008|76	015|27	022|37	029|57	036|67
咖啡粉	7[4]
小火炉	7[3]补极	000|23	000|33	000|43	000|53	000|14	000|74	000|18	000|78
海星	7[3]补极	000|48	000|26	000|46	000|56	000|66	000|27	000|37	000|47	000|57	000|67	000|16	000|76	000|15	000|25	000|35	000|45	000|55	000|65	000|75	000|24	000|34	000|44	000|54	000|64
冰沙	34[5]独继
糖葫芦	7[3]继
木盘子	7[1]继
麦芽糖	7[1]继
瓜皮	15[2]补极	000|36	000|48	000|27	000|37	000|47	000|57	000|67	000|16	000|26	000|46	000|56	000|66	000|76
处女座	30[2]补极	000|36	000|48	000|27	000|37	000|47	000|57	000|67	000|16	000|26	000|46	000|56	000|66	000|76
多拿滋	7[3]继
狮子座	35[3]
防风草	50[3]补极继
开水壶	17[3]
