轨道版本号=v4.6
注释=
人物1位置=52
人物2位置=32
魔塔层数=0
退出时间=0
刷技能模式=0
优先队列=防风草,海星,冰沙,防风草,海星,海星,狮子座,防风草,冰沙,海星,海星
卡槽数=12
宝石	120[0]
铲子	0[0]独
咖啡粉	7[4]
小火炉	7[3]补极绝独	000|31	000|51	000|61	000|42	000|72	000|43	000|64	000|74	000|65	000|75	000|21	000|12	000|13	000|16	000|24
海星	7[3]补极独	000|63	000|66	000|57	000|47	000|41	000|77	000|27	000|38	000|28	000|48	000|15	000|25	000|36	000|76	000|58	000|68	000|14	000|26
冰沙	33[5]极独,0,0,200
糖葫芦	7[3]补极独,0,0,450	000|54	000|23	000|73
木盘子	7[1]
麦芽糖	7[1]
瓜皮	15[2]补极独,0,0,325	000|28	000|38	000|48	000|58	000|17	000|27	000|56	000|37	000|47	000|57	000|67	000|77	000|16	000|26	000|66	000|76	000|15	000|25	000|65	000|75	000|14	000|24	000|64	000|74	000|13	000|23	000|33	000|43	000|53	000|63	000|73	000|12	000|22	000|32	000|42	000|52	000|62	000|72	000|11	000|21	000|31	000|41	000|51	000|61	000|71	000|68	000|36	000|54
处女座	30[2]补极独,0,0,775	000|28	000|38	000|48	000|58	000|17	000|27	000|56	000|37	000|47	000|57	000|67	000|77	000|16	000|26	000|66	000|76	000|15	000|25	000|65	000|75	000|14	000|24	000|64	000|74	000|13	000|23	000|33	000|43	000|53	000|63	000|73	000|12	000|22	000|32	000|42	000|52	000|62	000|72	000|11	000|21	000|31	000|41	000|51	000|61	000|71	000|68	000|36	000|34	000|54
油灯	12[3]
狮子座	35[3]补极,0,0,525	000|67	000|17
防风草	10[3]补极独,0,0,150	000|53	000|56	000|37	000|33
--第3波--
宝石	120[0]
铲子	7[0]独	001|65	008|75	015|24	022|74	029|13	036|12
咖啡粉	7[4]
小火炉	7[3]补极绝独	000|31	000|51	000|61	000|42	000|43	000|64	000|72	000|21	000|16
海星	7[3]补极独,0,0,375	000|63	000|58	000|47	000|41	000|77	000|38	000|28	000|48	000|66	000|15	000|25	000|36	000|76	000|68	000|14	000|24	000|65	000|75	000|13	000|74	000|12	000|57	000|27	000|26
冰沙	33[5]极独继,0,0,200
糖葫芦	7[3]补极独继,0,0,450
木盘子	7[1]
麦芽糖	7[1]
瓜皮	15[2]补极独继,0,0,325
处女座	30[2]补极独继,0,0,775
油灯	12[3]
狮子座	35[3]补极继,0,0,525
防风草	10[3]补极独继
--第6波--
宝石	120[0]
铲子	7[0]独	001|21	008|31	015|51	022|61
咖啡粉	7[4]
小火炉	7[3]补极绝独	000|42	000|43	000|64	000|72	000|16
海星	7[3]补极独,0,0,375	000|63	000|58	000|47	000|41	000|77	000|38	000|28	000|48	000|66	000|15	000|25	000|36	000|76	000|68	000|21	000|31	000|51	000|61	000|14	000|24	000|65	000|75	000|13	000|74	000|12	000|57	000|27	000|26
冰沙	33[5]极独继,0,0,200
糖葫芦	7[3]补极独继,0,0,450
木盘子	7[1]
麦芽糖	7[1]
瓜皮	15[2]补极独继,0,0,325
处女座	30[2]补极独继,0,0,775
油灯	12[3]
狮子座	35[3]补极继,0,0,525
防风草	10[3]补极独继
