轨道版本号=v4.6
注释=
人物1位置=53
魔塔层数=0
退出时间=0
刷技能模式=0
优先队列=
卡槽数=10
宝石	120[0]
铲子	0[0]补极独,0,0,0,,,0,,0,,,吹风机	000|72	000|69	000|19	000|59	000|49	000|39
咖啡粉	17[4]补独	100|37	117|00	134|00	151|00	168|00	185|00	202|00	219|00	236|00	253|00	270|00	287|00	304|00	321|00	338|00	355|00	372|00	389|00	406|00	423|00	440|00	457|00	474|00	491|00	508|00	525|00	542|00	559|00	576|00	593|00	610|00	627|00	644|00	661|00	678|00	695|00	712|00	729|00	746|00	763|00	780|00	797|00	814|00	831|00	848|00	865|00	882|00	899|00	916|00	933|00	950|00
小火炉	7[3]补极
冰激凌	34[5]补极独	100|37	134|00	168|00	202|00	236|00	270|00	304|00	338|00	372|00	406|00	440|00	474|00	508|00	542|00	576|00	610|00	644|00	678|00	712|00	746|00	780|00	814|00	848|00	882|00	916|00	950|00
木盘子	7[1]
麦芽糖	7[1]
瓜皮	15[2]补极独,0,0,500	000|14	000|64	000|57	000|25	000|75	000|36
布丁	7[3]
吹风机	50[3]补极独	000|72	000|69	000|19	000|59	000|49	000|39
换气扇	7[3]补极独,0,0,600	000|19	000|69	000|29	000|79	000|39	000|49	000|59
开水壶	17[3]补独	100|37	117|00	134|00	151|00	168|00	185|00	202|00	219|00	236|00	253|00	270|00	287|00	304|00	321|00	338|00	355|00	372|00	389|00	406|00	423|00	440|00	457|00	474|00	491|00	508|00	525|00	542|00	559|00	576|00	593|00	610|00	627|00	644|00	661|00	678|00	695|00	712|00	729|00	746|00	763|00	780|00	797|00	814|00	831|00	848|00	865|00	882|00	899|00	916|00	933|00	950|00
--第1波--
宝石	120[0]
铲子	0[0]独继
咖啡粉	17[4]补独继
小火炉	7[3]补极继
冰激凌	34[5]补极独继
木盘子	7[1]
麦芽糖	7[1]
瓜皮	15[2]补极独继,0,0,500
布丁	7[3]补极	000|42	000|31	000|51
吹风机	50[3]补极独继
换气扇	7[3]补极独继,0,0,600
开水壶	17[3]补独继
--第7波--
宝石	120[0]
铲子	0[0]独继
咖啡粉	17[4]补独继
小火炉	7[3]补极继
冰激凌	34[5]补极独继
木盘子	7[1]
麦芽糖	7[1]
瓜皮	15[2]补极独继,0,0,500
布丁	7[3]补
吹风机	50[3]补极独继
换气扇	7[3]补极独继,0,0,600
开水壶	17[3]补独继
--第9波--
宝石	120[0]
铲子	0[0]独继
咖啡粉	17[4]独继
小火炉	7[3]继
冰激凌	34[5]继
木盘子	7[1]继
麦芽糖	7[1]
瓜皮	15[2]补极独,0,0,500	000|13	000|23	000|33	000|43	000|53	000|63	000|73	000|34	000|44	000|54	000|14	000|24	000|64	000|74	000|45
布丁	7[3]补极	000|11	000|71
吹风机	50[3]极独继
换气扇	7[3]极独继,0,0,600
开水壶	17[3]独继
