轨道版本号=v4.6
注释=
人物1位置=11
人物2位置=11
魔塔层数=0
退出时间=0
刷技能模式=0
优先队列=海星,海星,狮子座,冰激凌,狮子座
卡槽数=12
宝石	120[0]
铲子	0[0]
咖啡粉	7[4]
小火炉	7[3]补极绝	000|42	000|52	000|13	000|43	000|53	000|14	000|24	000|34	000|44	000|54	000|74	000|15	000|25
海星	7[3]补极,0,0,200	000|47	000|48	000|68	000|28	000|58	000|38	000|78	000|18	000|17	000|27	000|67	000|77	000|16	000|26	000|66	000|76	000|65	000|75
冰激凌	42[5]补极	000|37
糖葫芦	7[3]
木盘子	7[1]
麦芽糖	7[1]
瓜皮	15[2]
处女座	30[2]
油灯	12[3]补极绝	030|36
狮子座	35[3]极	000|37	000|57
炸炸菇	50[3]独	071|46	115|23	165|64
