轨道版本号=v4.6
注释=
人物1位置=34
人物2位置=54
魔塔层数=0
退出时间=0
刷技能模式=0
优先队列=海星,海星,糖葫芦,狮子座,冰激凌,狮子座
卡槽数=12
宝石	120[0]
铲子	7[0]	162|11	169|21	176|31	183|51	190|42	197|43	204|44	211|35	218|55	225|46
咖啡粉	7[4]
小火炉	7[3]补极绝	000|11	000|21	000|31	000|51	000|42	000|43	000|44	000|35	000|55	000|46	000|32	000|22	000|12	000|76	000|56
海星	7[3]补极,0,0,200	000|45	000|47	000|48	000|28	000|68	000|38	000|58	000|77	000|17	000|78
冰激凌	42[5]极	000|37
糖葫芦	7[3]补极	000|13	000|33	000|53	000|14	000|24	000|64	000|74	000|15	000|25	000|65	000|75	000|11	000|21	000|31	000|51	000|42	000|43	000|44	000|35	000|55	000|46
木盘子	7[1]补极	000|27	000|77	000|13	000|24	000|63	000|74
麦芽糖	7[1]
瓜皮	15[2]
处女座	30[2]
油灯	12[3]补极绝	018|41
狮子座	35[3]补极	000|37	000|57
炸炸菇	50[3]独	075|27	125|63	175|67	225|23	275|27	325|63	375|67	425|23
