轨道版本号=v4.6
注释=
人物1位置=24
人物2位置=54
魔塔层数=0
退出时间=0
刷技能模式=0
优先队列=海星,海星,糖葫芦,狮子座,冰激凌,狮子座
卡槽数=12
宝石	120[0]
铲子	7[0]	160|31	167|41	174|51	181|61	188|71
咖啡粉	7[4]
小火炉	7[3]补极绝	000|31	000|41	000|51	000|61	000|71	000|22	000|32	000|52	000|62	000|72	000|13	000|73	000|35	000|45	000|55	000|36
海星	7[3]补极,0,0,200	000|66	000|47	000|38	000|58	000|28	000|68	000|18	000|48	000|17
冰激凌	40[5]极	000|37
糖葫芦	7[3]补极	000|15	000|25	000|65	000|75	000|14	000|74	000|67	000|76	000|43	000|44	000|31	000|41	000|51	000|61	000|71
木盘子	7[1]补极	000|17	000|76	000|14	000|64	000|73	000|67
麦芽糖	7[1]
瓜皮	15[2]
处女座	30[2]
油灯	12[3]补极绝	030|42
狮子座	35[3]补极	000|37	000|77
炸炸菇	40[3]独	050|34	090|57	130|27	170|64	210|34	250|57	290|27	330|64
