轨道版本号=v4.6
注释=
人物1位置=65
人物2位置=25
魔塔层数=0
退出时间=0
刷技能模式=0
优先队列=
卡槽数=11
宝石	120[0]
铲子	0[0]
咖啡粉	7[4]
小火炉	7[3]补极独	000|62	000|61	000|31	000|55	000|41	000|51	000|12	000|71	000|73	000|13	000|56	000|36	000|54	000|35	000|43	000|45	000|23	000|21	000|11
海星	7[3]补极,0,0,275	000|72	000|17	000|77	000|18	000|78	000|27	000|47	000|67	000|46	000|44	000|38	000|58	000|28	000|68
冰激凌	33[5]独	042.5|34	082.5|22	122.5|34	162.5|34	202.5|22	242.5|34	282.5|34	322.5|22	362.5|34	402.5|34	442.5|22	482.5|34	522.5|34	562.5|22	602.5|34	642.5|34	682.5|22	722.5|34	762.5|34
糖葫芦	7[3]补极,0,0,500	030|15	000|14	000|32	000|52	000|74	000|76	000|16	000|63
木盘子	4[1]补极	000|71	000|72	000|73	000|11	000|12	000|13	000|17	000|18	000|77	000|78
麦芽糖	3[1]
瓜皮	15[2]补极,0,0,325	040|17	000|77	000|32	000|52	000|63	000|18	000|78	000|25	000|65	000|14	000|74	000|16	000|76	000|27	000|47	000|67	000|38	000|58	000|28	000|68
处女座	30[2]补极,0,0,325	060|17	000|77	000|32	000|52	000|63	000|18	000|78	000|25	000|65	000|14	000|74	000|16	000|76	000|47	000|28	000|68
油灯	12[3]补极	020|75
炸炸菇	7[3]独	057|34	096|22	136|34	176|34	216|22	256|34	296|34	336|22	376|34	416|34	456|22	496|34	536|34	576|22	616|34	656|34	696|22	736|34
--第7波--
宝石	120[0]
铲子	7[0]独	001|41	001|45	008|43	015|36	022|56
咖啡粉	7[4]
小火炉	7[3]补极独	000|62	000|61	000|31	000|55	000|51	000|12	000|71	000|73	000|13	000|54	000|35	000|23	000|21	000|11
海星	7[3]补极,0,0,200	003|72	000|44	000|46	000|47	000|36	000|56	000|43	000|45	000|58	000|38	000|68	000|28	000|27	000|67	000|17	000|77	000|18	000|78
冰激凌	33[5]独继
糖葫芦	7[3]补极继
木盘子	4[1]补极继
麦芽糖	3[1]
瓜皮	15[2]补极继
处女座	30[2]补极继
油灯	12[3]补极继
炸炸菇	7[3]独继
