轨道版本号=v4.6
注释=
人物1位置=24
魔塔层数=0
退出时间=0
刷技能模式=0
优先队列=
卡槽数=10
宝石	120[0]
铲子	0[0]独	030|32
炸炸菇	60[4]x独	090|72	093|67	150|65	153|48	210|72	213|67	270|65	273|48	330|72	333|67	390|65	393|48	450|72	453|67	510|65	513|48	570|72	573|67	630|65	633|48	690|72	693|67	750|65	753|48	810|00	870|00	930|00
小火炉	7[3]独
冰激凌	42[5]补极独,0,0,0,,,0,,0,,,扑克牌	000|11
木盘子	7[1]
麦芽糖	7[1]
瓜皮	15[2]x补极独	032|58	000|38	000|28	000|78	000|18	000|14	000|24	000|44	000|46
扑克牌	25[2]补极	000|63	000|41	000|11	000|21	000|72	000|43	000|52	000|17	000|53	000|47	000|66	000|57	000|37	000|42	000|22	000|74	000|64	000|54	000|75	000|65	000|27	000|56	000|48	000|31	000|32	000|33	000|55	000|23	000|13	000|12	000|76	000|67	000|16	000|26	000|78	000|58	000|18	000|28	000|38	000|71	000|61
布丁	7[3]
油灯	12[3]极	000|32	000|44	000|44	000|44	000|44
开水壶	25[3]补独	025|26	050|00	075|00	100|00	125|00	150|00	175|00	200|00	225|00	250|00	275|00	300|00	325|00	350|00	375|00	400|00	425|00	450|00	475|00	500|00	525|00	550|00	575|00	600|00	625|00	650|00	675|00	700|00	725|00	750|00	775|00	800|00	825|00	850|00	875|00	900|00	925|00	950|00
--第1波--
宝石	120[0]
铲子	0[0]独
炸炸菇	60[4]x独继
小火炉	7[3]独
冰激凌	42[5]补极独继,0,0,0,,,0,,0,,,扑克牌
木盘子	7[1]
麦芽糖	7[1]
瓜皮	15[2]x补极独	000|14	000|24	000|44	000|46
扑克牌	25[2]补极继
布丁	7[3]
油灯	12[3]补极	000|44
开水壶	25[3]补独继
--第4波--
宝石	120[0]
铲子	0[0]独	001|12
炸炸菇	60[4]x独继
小火炉	7[3]
冰激凌	42[5]补极独继,0,0,0,,,0,,0,,,扑克牌
木盘子	7[1]
麦芽糖	7[1]
瓜皮	15[2]x补极独	000|28	000|38	000|58	000|78	000|18	000|14	000|24	000|44	000|46
扑克牌	25[2]补极	000|12	000|22	000|32	000|42	000|52	000|63	000|41	000|11	000|21	000|72	000|43	000|17	000|53	000|47	000|66	000|37	000|57	000|74	000|64	000|54	000|75	000|65	000|27	000|67	000|48	000|31	000|33	000|55	000|23	000|13	000|76	000|56	000|16	000|26	000|78	000|58	000|18	000|28	000|38	000|71	000|61
布丁	7[3]补极	000|12
油灯	12[3]补极继
开水壶	25[3]补独继
