轨道版本号=v4.6
注释=
人物1位置=23
魔塔层数=0
退出时间=0
刷技能模式=0
优先队列=海星,防风草,海星
卡槽数=12
宝石	120[0]独
铲子	0[0]独	002|12	002|22	022|32	022|52	022|62	022|72	025|13	025|14	025|44	025|73	025|74
咖啡粉	8[4]独
小火炉	7[3]补极绝独	000|24	000|64	000|33	000|43	000|53	000|34	000|54
海星	7[3]补极独,0,0,225	000|47	000|77	000|27	000|37	000|57	000|66
冰沙	34[5]
糖葫芦	7[3]补极独,0,0,500	030|26	000|56
木盘子	7[1]独
麦芽糖	7[1]补极绝独	000|45
瓜皮	15[2]补独,0,0,300
处女座	30[2]补独,0,0,750
多拿滋	7[3]补极独,0,0,400	025|25	000|35	000|55	000|65
布丁	7[3]补独
防风草	7[3]补极	000|45
--第3波--
宝石	120[0]独
铲子	0[0]独	001|24	001|34	001|54	001|64
咖啡粉	8[4]独
小火炉	7[3]补极绝独	000|33	000|43	000|53
海星	7[3]补极独,0,0,225	000|47	000|77	000|27	000|37	000|57	000|66
冰沙	34[5]
糖葫芦	7[3]补极独,0,0,500	005|26	000|56	000|24	000|34	000|54	000|64
木盘子	7[1]独
麦芽糖	7[1]极绝独
瓜皮	15[2]补独,0,0,300
处女座	30[2]补独,0,0,750
多拿滋	7[3]补极独,0,0,400	000|25	000|35	000|55	000|65
布丁	7[3]补独
防风草	7[3]补极	000|45
