轨道版本号=v4.6.2
注释=
人物1位置=72
魔塔层数=0
退出时间=0
刷技能模式=0
优先队列=海星
卡槽数=4
宝石	120[0]独
铲子	7[0]独
小火炉	7[3]补极绝独	000|32	000|42	000|52	000|37	000|57	000|27	000|67	000|61	000|21	000|31	000|41	000|51	000|44	000|22	000|62
海星	7[3]补极独,0,0,225	000|45	000|25	000|65	000|35	000|55	000|47	000|34	000|54	000|24	000|64
糖葫芦	7[3]补极独,0,0,225	000|23	000|33	000|43	000|53	000|63
棉花糖	3[1]补极独	000|45	000|25	000|65	000|35	000|55	000|23	000|33	000|32	000|42	000|52	000|43	000|53	000|47	000|63	000|37	000|34	000|54	000|57	000|27	000|24	000|64	000|67	000|61	000|21	000|31	000|41	000|51	000|44	000|22	000|62	000|14	000|74	000|15	000|75
--第0.6波--
宝石	120[0]独
铲子	7[0]独
小火炉	7[3]补极绝独	000|37	000|57	000|27	000|67	000|32	000|42	000|52	000|61	000|21	000|31	000|41	000|51	000|44	000|22	000|62
海星	7[3]补极独继,0,0,225
糖葫芦	7[3]补极独继,0,0,225
棉花糖	3[1]补极独继
--第1.5波--
宝石	120[0]独
铲子	0[0]独	001|44	001|32	001|42	001|52
小火炉	7[3]补极绝独	000|37	000|57	000|27	000|67	000|21	000|31	000|41	000|51	000|61	000|22	000|62	000|17	000|77
海星	7[3]补极独,0,0,225	000|45	000|25	000|65	000|35	000|55	000|34	000|54	000|24	000|64	000|44	000|14	000|74	000|15	000|75	000|32	000|42	000|52	000|47
糖葫芦	7[3]补极独继,0,0,225
棉花糖	3[1]补极独继
