轨道版本号=v4.9.4
注释=
人物1位置=13
人物2位置=73
魔塔层数=0
退出时间=0
刷技能模式=0
优先队列=
卡槽数=13
宝石	120[0]独
铲子	7[0]独
多拿滋	7[3]补极独,0,0,400	040|12	000|72	000|15	000|75
小火炉	7[3]补极独	000|23	000|33	000|43	000|53	000|63	000|22	000|32	000|42	000|52	000|62	000|21	000|31	000|41	000|51	000|61
海星	7[3]补极独,0,0,225	000|46	000|26	000|66	000|36	000|56	000|25	000|35	000|45	000|55	000|65
冰沙	34[5]独	022|00	107|00	141|00	175|00	209|00	243|00	277|00	311|00	345|00	379|00	413|00	447|00	481|00	515|00	549|00	583|00	617|00	651|00	685|00	719|00	753|00	787|00	821|00	855|00	889|00	923|00	957|00
糖葫芦	7[3]补极独,0,0,500	075|14	000|24	000|34	000|44	000|54	000|64	000|74
麦芽糖	7[1]补极独	000|23	000|33	000|43	000|53	000|63	000|26	000|36	000|46	000|56	000|66	000|14	000|15	000|24	000|25	000|34	000|35	000|44	000|45	000|54	000|55	000|64	000|65	000|74	000|75	000|16	000|76	000|27	000|37	000|47	000|57	000|67
辣椒粉	30[3]补极独,0,0,35	000|16	000|27	000|37	000|47	000|57	000|67	000|76
面粉袋	30[3]补极独,0,0,75	000|16	000|27	000|37	000|47	000|57	000|67	000|76
开水壶	17[3]
香肠	7[3]
换气扇	7[3]
鱼刺	7[3]
麻辣串	7[3]
--第2波--
宝石	120[0]独
铲子	0[0]极独,0,0,0,2.1	001|23	001|63	008|36	000|46	000|56
多拿滋	7[3]补极独继,0,0,225
小火炉	7[3]补极独	000|33	000|43	000|53	000|22	000|32	000|42	000|52	000|62	000|21	000|31	000|41	000|51	000|61
海星	7[3]补极独,0,0,225	000|25	000|35	000|45	000|55	000|65	000|26	000|66
冰沙	34[5]独继
糖葫芦	7[3]补极独,0,0,500	000|14	000|24	000|34	000|44	000|54	000|64	000|74	000|23	000|63
麦芽糖	7[1]极独	000|12	000|22	000|32	000|42	000|52	000|62	000|72	000|21	000|31	000|41	000|51	000|61	000|12	000|22	000|32	000|42	000|52	000|62	000|72	000|21	000|31	000|41	000|51	000|61	000|12	000|22	000|32	000|42	000|52	000|62	000|72	000|21	000|31	000|41	000|51	000|61	000|12	000|22	000|32	000|42	000|52	000|62	000|72	000|21	000|31	000|41	000|51	000|61	000|12	000|22	000|32	000|42	000|52	000|62	000|72	000|21	000|31	000|41	000|51	000|61	000|12	000|22	000|32	000|42	000|52	000|62	000|72	000|21	000|31	000|41	000|51	000|61	000|12	000|22	000|32	000|42	000|52	000|62	000|72	000|21	000|31	000|41	000|51	000|61	000|12	000|22	000|32	000|42	000|52	000|62	000|72	000|21	000|31	000|41	000|51	000|61	000|12	000|22	000|32	000|42	000|52	000|62	000|72	000|21	000|31	000|41	000|51	000|61	000|12	000|22	000|32	000|42	000|52	000|62	000|72	000|21	000|31	000|41	000|51	000|61
辣椒粉	30[3]补极独继,0,0,35
面粉袋	30[3]补极独继,0,0,75
开水壶	17[3]
香肠	7[3]
换气扇	7[3]
鱼刺	7[3]
麻辣串	7[3]
--第3波--
宝石	120[0]独
铲子	0[0]极独	000|23	000|63	000|14	000|24	000|44	000|64	000|74
多拿滋	7[3]补极独继,0,0,225
小火炉	7[3]补极独	000|33	000|43	000|53	000|22	000|32	000|42	000|52	000|62	000|23	000|63	000|14	000|24	000|44	000|64	000|74	000|21	000|31	000|41	000|51	000|61
海星	7[3]补极独,0,0,225	000|25	000|35	000|45	000|55	000|65	000|26	000|36	000|46	000|56	000|66
冰沙	34[5]独继
糖葫芦	7[3]补极独,0,0,500	000|34	000|54
麦芽糖	7[1]补极独继
辣椒粉	30[3]补极独继,0,0,35
面粉袋	30[3]补极独继,0,0,75
开水壶	17[3]独	003|48
香肠	7[3]
换气扇	7[3]
鱼刺	7[3]
麻辣串	7[3]
--第4波--
宝石	120[0]独
铲子	7[0]独	001|14	001|74	001|31	008|41	015|51	022|21	029|61	036|22	043|32	050|42	057|52	064|62	071|12	078|72
多拿滋	7[3]补极独,0,0,225	000|15	000|75	000|14	000|74
小火炉	7[3]补极独	000|23	000|33	000|43	000|53	000|63	000|24	000|44	000|64
海星	7[3]补极独,0,0,225	000|31	000|41	000|51	000|21	000|61	000|22	000|32	000|42	000|52	000|62	000|12	000|72	000|25	000|35	000|45	000|55	000|65	000|26	000|36	000|46	000|56	000|66
冰沙	34[5]独继
糖葫芦	7[3]补极独继,0,0,500
麦芽糖	7[1]补极独继
辣椒粉	30[3]补极独继,0,0,35
面粉袋	30[3]补极独继,0,0,75
开水壶	17[3]极独,2,0,0,5	002|48	010|48
香肠	7[3]
换气扇	7[3]
鱼刺	7[3]
麻辣串	7[3]
--第5波--
宝石	120[0]独
铲子	0[0]极独	000|23	000|33	000|43	000|53	000|63	000|14	000|24	000|34	000|44	000|54	000|64	000|74
多拿滋	7[3]补独,0,0,225
小火炉	7[3]补独
海星	7[3]补极独,0,0,225	000|31	000|41	000|51	000|21	000|61	000|22	000|32	000|42	000|52	000|62	000|43	000|44	000|12	000|72
冰沙	34[5]独继
糖葫芦	7[3]补独,0,0,500
麦芽糖	7[1]补极独继
辣椒粉	30[3]补极独继,0,0,35
面粉袋	30[3]补极独继,0,0,75
开水壶	17[3]极继,3,0,0,5
香肠	7[3]
换气扇	7[3]
鱼刺	7[3]
麻辣串	7[3]
--第5.1波--
宝石	120[0]独
铲子	0[0]极独	000|15	000|25	000|35	000|45	000|55	000|65	000|75	000|26	000|36	000|46	000|56	000|66
多拿滋	7[3]补独,0,0,225
小火炉	7[3]补独
海星	7[3]补极独继,0,0,225
冰沙	34[5]独继
糖葫芦	7[3]补独,0,0,500
麦芽糖	7[1]补极独继
辣椒粉	30[3]补极独继,0,0,35
面粉袋	30[3]补极独继,0,0,75
开水壶	17[3]极继,3,0,0,5
香肠	7[3]
换气扇	7[3]
鱼刺	7[3]
麻辣串	7[3]
