轨道版本号=v4.5
注释=
人物1位置=11
人物2位置=71
魔塔层数=0
退出时间=0
卡槽数=11
宝石	120[0]
铲子	7[0]	192|13	199|23	206|33	213|43	220|53	227|63	234|73
咖啡粉	7[4]
小火炉	7[3]	002|12	012|22	019|32	026|42	033|52	040|62	047|72	054|13	061|23	068|33	075|43	082|53	089|63	096|73	103|21	110|31	117|41	124|51	131|61
海星	7[3]	031|78	039|58	046|38	053|18	084|68	091|48	098|28	105|17	112|37	119|47	126|57	133|77	140|16	147|26	154|36	161|46	168|56	175|66	182|76	189|15	196|25	203|35	210|45	217|55	224|65	231|75
冰激凌	42[5]x	072|27	115|67
糖葫芦	7[3]	060|14	093|24	123|34	130|44	137|54	144|64	151|74	193|13	200|23	207|33	214|43	221|53	228|63	235|73
木盘子	7[1]	002|38	009|48	016|58	023|37	030|47	037|57	044|33	051|43	058|53	065|34	072|44	075|54	082|36	089|46	096|56	103|35	110|45	117|55
棉花糖	5[1]
瓜皮	15[2]
处女座	30[2]
可乐	7[3]	150|29	180|69
狮子座	35[3]补	070|27	080|67	115|00	120|00
