轨道版本号=v4.9.4
注释=
人物1位置=11
人物2位置=71
魔塔层数=0
退出时间=0
刷技能模式=0
优先队列=
卡槽数=6
宝石	120[0]
铲子	0[0]	002|22	002|32	002|42	002|52	002|62	005|35	005|55	005|26	005|46	005|66	008|27	008|47	008|67
咖啡粉	7[4]
小火炉	7[3]补极	000|12	000|22	000|32	000|42	000|52	000|62	000|72	000|13	000|23	000|33	000|43	000|53	000|63	000|73	000|21	000|31	000|41	000|51	000|61	000|14	000|24	000|34	000|44	000|54	000|64	000|74
海星	7[3]补极,0,0,200	000|78	000|58	000|38	000|18	000|68	000|48	000|28	000|17	000|27	000|37	000|47	000|57	000|67	000|77
香肠	7[3]
换气扇	7[3]
麻辣串	37[3]
