轨道版本号=v3.9
注释=
人物1位置=12
人物2位置=72
魔塔层数=0
退出时间=0
卡槽数=7
宝石	120[0]
铲子	0[0]	060|16	060|76	060|25	060|65
小火炉	7[3]补极	000|11	000|71	000|22	000|62	000|13	000|73	000|14	000|74	000|21	000|31	000|41	000|51	000|61
海星	7[3]补极	020|45	000|46	000|47	000|48	000|44	000|38	000|58	000|27	000|67	000|18	000|78	000|16	000|76	000|37	000|57	000|26	000|36	000|56	000|66	000|15	000|25	000|35	000|55	000|65	000|75	000|24	000|34	000|54	000|64
冰沙	33[5]
糖葫芦	7[3]补极	050|23	000|33	000|53	000|63
瓜皮	15[2]补极	030|18	000|78	000|27	000|67	000|38	000|48	000|58
处女座	30[2]补极	031|18	000|78	000|27	000|38	000|48	000|58	000|67
油灯	12[3]补极	032|43
