轨道版本号=v3.9
注释=
人物1位置=11
魔塔层数=0
退出时间=0
卡槽数=7
宝石	120[0]
铲子	0[0]
小火炉	7[3]补极	000|12	000|72	000|13	000|73	000|34	000|54	000|35	000|55	000|21	000|31	000|41	000|51	000|61
海星	7[3]补极	020|36	000|56	000|37	000|57	000|15	000|75	000|23	000|43	000|63	000|24	000|44	000|64	000|25	000|45	000|65
冰沙	33[5]极	090|71
糖葫芦	7[3]补极	050|32	000|52	000|33	000|53	000|74
瓜皮	15[2]补极	030|22	000|62	000|23	000|63	000|24	000|64	000|25	000|65	000|42	000|43	000|44	000|45
处女座	30[2]补极	031|22	000|62	000|23	000|63	000|24	000|64	000|25	000|65	000|42	000|43	000|44	000|45
油灯	12[3]补极	032|14
