轨道版本号=v3.9
注释=
人物1位置=71
魔塔层数=0
退出时间=0
卡槽数=3
宝石	120[0]
铲子	0[0]
瓜皮	15[2]补	000|22	000|62	000|23	000|63	000|24	000|64	000|25	000|65	000|42	000|43	000|44	000|45
热狗	7[3]
面包	15[3]补独	020|38	035|58	050|18	065|78	080|29	095|49	110|69	125|28	140|48	155|68	170|00	185|00	200|00	215|00	230|00	245|00	260|00	275|00	290|00	305|00	320|00	335|00	350|00	365|00	380|00	395|00	410|00	425|00	440|00	455|00	470|00	485|00	500|00	515|00	530|00	545|00	560|00	575|00	590|00	605|00	620|00	635|00	650|00	665|00	680|00	695|00	710|00	725|00	740|00	755|00	770|00	785|00	800|00	815|00	830|00	845|00	860|00	875|00	890|00	905|00	920|00	935|00	950|00
