轨道版本号=v4.21
注释=
人物1位置=11
人物2位置=71
魔塔层数=0
退出时间=0
卡槽数=13
宝石	120[0]
铲子	0[0]
小火炉	7[3]	002|12	012|22	019|32	026|42	033|52	040|62	047|72	054|13	061|23	068|33	075|43	082|53	089|63	096|73	103|21	110|41	117|61	124|14	131|74
海星	7[3]	031|56	051|78	058|58	065|38	072|18	079|68	086|48	093|28	100|36	107|17	114|27	121|47	128|67	135|77	142|16	149|26	156|46	163|66	170|76	177|15	184|25	191|35	198|45	205|55	212|65	219|75
冰激凌	42[5]x
糖葫芦	7[3]	045|24	073|34	087|44	097|54	104|64
木盘子	7[1]
棉花糖	5[1]
瓜皮	15[2]
处女座	30[2]
开水壶	29[3]
油灯	12[3]	018|31	052|51
狮子座	35[3]
布丁	7[3]
咖啡粉	7[4]
