轨道版本号=v4.21
注释=
人物1位置=13
人物2位置=73
魔塔层数=0
退出时间=0
卡槽数=12
宝石	120[0]
铲子	0[0]
小火炉	7[3]补	002|11	012|21	019|31	026|41	033|51	040|61	047|71	054|12	061|22	068|32	075|42	082|52	089|62	096|72	103|24	110|14	117|54	124|64	131|74	138|44	145|34	152|15	159|25	166|35	173|45	180|55	187|65	194|75
海星	7[3]补极	032|28	052|18	059|58	066|68	073|78	080|48	087|38	094|17	101|27	108|37	115|47	122|57	129|67	136|77	143|16	150|26	157|36	164|46	171|56	178|66	185|76
冰激凌	42[5]x
糖葫芦	7[3]补极	046|23	081|53	095|63	102|43	110|33
木盘子	7[1]
棉花糖	30[1]独	092|79	122|69	152|39	182|79	212|59	242|79
瓜皮	15[2]补	132|28	147|18	162|58	177|68	192|78	000|48	000|38
处女座	30[2]补	148|28	178|18	000|58	000|68	000|78	000|48	000|38
开水壶	29[3]
油灯	12[3]
狮子座	35[3]
布丁	7[3]
