轨道版本号=v4.4
注释=
人物1位置=11
人物2位置=71
魔塔层数=0
退出时间=0
卡槽数=11
宝石	120[0]
铲子	0[0]
咖啡粉	7[4]
小火炉	7[3]补	002|12	012|22	019|32	026|42	033|52	040|62	047|72	054|13	061|23	068|33	075|43	082|53	089|63	096|73	103|21	110|31	117|41	124|51	131|61	138|14	145|74	152|15	159|25	166|35	173|45	180|55	187|65	194|75
海星	7[3]	031|78	057|58	064|38	074|18	081|68	088|48	095|28	102|17	109|27	116|37	123|47	130|57	137|67	144|77	151|16	158|26	165|36	172|46	179|56	186|66	193|76
冰激凌	42[5]x
糖葫芦	7[3]	046|24	071|34	090|44	099|54	110|64
木盘子	7[1]
棉花糖	5[1]	027|17	032|27	037|37	042|44	047|54	052|64	057|16	062|36	067|46	072|56	077|66	082|76	087|15	092|25	097|35	102|45	107|55	112|75	117|74
瓜皮	15[2]
处女座	30[2]
油灯	12[3]
狮子座	35[3]
