轨道版本号=v4.21
注释=
人物1位置=11
人物2位置=71
魔塔层数=0
退出时间=0
卡槽数=12
宝石	120[0]
铲子	0[0]
小火炉	7[3]补	002|12	012|22	019|32	026|52	033|62	040|72	047|23	054|33	061|43	068|53	075|63	082|73	089|21	096|31	103|41	110|51	117|61	124|14	131|24	138|64	145|74	152|15	159|25
海星	7[3]	032|67	052|78	059|58	084|38	091|18	098|28	105|47	112|68	119|17	126|27	133|77	140|16	147|26	154|36	161|46	168|56	175|66	182|35	189|45	196|55	203|65	210|75
冰激凌	42[5]	071|37	114|37
糖葫芦	7[3]	046|34	086|44	122|54
木盘子	7[1]
棉花糖	5[1]
瓜皮	15[2]
处女座	30[2]
开水壶	29[3]
油灯	12[3]
狮子座	35[3]补	070|37	079|57	114|00	118|00
布丁	7[3]
