轨道版本号=v4.21
注释=
人物1位置=11
人物2位置=71
魔塔层数=0
退出时间=0
卡槽数=12
宝石	120[0]
铲子	0[0]
小火炉	7[3]	002|12	012|22	019|32	026|42	033|52	040|62	047|72	054|13	061|23	068|33	075|43	082|53	089|63	096|73
海星	7[3]	032|68	044|48	051|28	058|44	065|17	072|37	079|47	086|57	093|77	100|16	107|26	114|36	121|46	128|56	135|66	142|76	149|15	156|25	163|35	170|45	177|55	184|65	191|75	198|14	205|24	212|34	219|54	226|64	233|74	240|21	247|31	254|41	261|51	268|61
冰激凌	42[5]
糖葫芦	7[3]
木盘子	7[1]	003|68	010|48	017|28	024|17	031|37	038|47	045|57	052|77	059|16	066|26	073|36	080|46	087|56	094|66	101|76	108|15	115|25	122|35	129|45	136|55	143|65	150|75
棉花糖	5[1]
瓜皮	15[2]
处女座	30[2]
开水壶	29[3]
油灯	12[3]
狮子座	35[3]
布丁	7[3]
