轨道版本号=v4.21
注释=
人物1位置=11
人物2位置=71
魔塔层数=0
退出时间=0
卡槽数=12
宝石	120[0]
铲子	0[0]
小火炉	7[3]	002|12	012|22	019|32	026|42	033|52	040|23	047|33	054|43	061|53	068|63	075|73	082|62	089|13	096|14	103|24	110|64	117|74	124|15	131|25	138|75
海星	7[3]	032|78	053|58	060|38	067|18	074|41	081|47	088|68	095|48	102|28	109|37	116|57	123|67	130|77	137|21	144|16	151|61	158|26	165|56	172|66	179|76	186|35	193|45	200|36	207|46
冰激凌	42[5]x
糖葫芦	7[3]	046|34	094|44	101|54
木盘子	7[1]	002|62	009|13	016|36	023|46
棉花糖	5[1]
瓜皮	15[2]
处女座	30[2]
开水壶	29[3]
油灯	12[3]	034|31	057|51
狮子座	35[3]
布丁	7[3]
