轨道版本号=v4.9.4
注释=
人物1位置=31
人物2位置=51
魔塔层数=0
退出时间=0
刷技能模式=0
优先队列=海星,海星,狮子座
卡槽数=11
宝石	120[0]
铲子	0[0]
咖啡粉	7[4]
小火炉	7[3]补极绝	000|12	000|22	000|32	000|42	000|52	000|62	000|72	000|13	000|53	000|73	000|14	000|64	000|74	000|24	000|15	000|25	000|35	000|55	000|75	000|46	000|76
海星	7[3]补极,0,0,200	000|78	000|58	000|38	000|18	000|47	000|41	000|68	000|48	000|28	000|77	000|16	000|26	000|36	000|56	000|66
冰激凌	42[5]x补极,0,0,0,,狮子座,1	000|57
糖葫芦	7[3]补极,0,0,0,,狮子座,2	000|34	000|44	000|54
木盘子	7[1]
麦芽糖	7[1]补极绝	000|19	000|29	000|39	000|49	000|59	000|69	000|79	000|18	000|28	000|38	000|48	000|58	000|68	000|78
瓜皮	15[2]
处女座	30[2]
油灯	12[3]补极绝	034|43
狮子座	35[3]补极	000|57	000|17
