轨道版本号=v4.4
注释=
人物1位置=11
人物2位置=71
魔塔层数=0
退出时间=0
卡槽数=12
宝石	120[0]
铲子	0[0]	130|16	137|76	137|32	137|42	137|52
咖啡粉	7[4]
小火炉	7[3]	002|21	012|31	019|41	026|51	033|61	040|12	047|22	054|62	061|72	068|16	075|76
海星	7[3]补	019|43	038|23	045|63	052|17	059|77	066|19	081|79	088|33	095|53	102|24	109|34	116|44	123|54	130|64	137|25	144|35	151|45	158|55	165|65	172|26	179|36	186|46	193|56	200|66	207|27	214|37	221|47	228|57	235|67	242|28	249|38	256|58	263|68
冰激凌	42[5]x
糖葫芦	7[3]	032|13	083|73	090|14	097|74	105|15	112|75	131|16	138|76
木盘子	7[1]	002|17	009|77	016|13	023|73	030|14	037|74	044|15	051|75	058|16	065|19	072|76	080|79
棉花糖	5[1]
瓜皮	15[2]	066|19	081|79
处女座	30[2]独	077|48
油灯	12[3]
狮子座	35[3]独	077|48
肥牛	7[3]补极,0,0,0,,,0,,0,,,,3	160|32	000|42	000|52
