轨道版本号=v4.4
注释=
人物1位置=15
人物2位置=76
魔塔层数=0
退出时间=0
卡槽数=12
宝石	120[0]独
铲子	0[0]补极独,0,0,0,,,0,,0,,,热狗	000|54
咖啡粉	7[4]
小火炉	7[3]补极独	002|34	012|44	000|61	000|71	000|62	000|72	000|63	000|73	000|64	000|74	000|65	000|75	000|66	000|14	000|24	000|15	000|25	000|16	000|26	000|17	000|27	000|18	000|28
海星	7[3]补极独	032|35	052|45	059|55	090|12	000|38	000|78
冰激凌	42[5]x独	071|36
糖葫芦	7[3]补极独	046|13	096|23	000|33	000|43	000|53	000|77	000|67	000|57	000|47	000|37	000|68	000|58	000|48	000|52	000|42	000|32	000|22
木盘子	7[1]独
棉花糖	5[1]独
瓜皮	15[2]补极独	083|36	000|56	000|46	000|35	000|45	000|55	000|38	000|48	000|58	000|68	000|78
处女座	30[2]补极独	086|36	000|56	000|46	000|35	000|45	000|55	000|38	000|48	000|58	000|68	000|78
油灯	12[3]独
狮子座	35[3]补极独	070|36	079|56	000|46
热狗	7[3]补极独,0,0,0,,,0,,0,,,,5	150|54
--第4波--
宝石	120[0]继
铲子	0[0]独,0,0,0,,,0,,0,,,热狗	001|71	001|72	001|73	001|74	001|75	008|34	015|44
咖啡粉	7[4]
小火炉	7[3]补极	000|61	000|62	000|63	000|64	000|65	000|66	000|14	000|24	000|15	000|25	000|16	000|26	000|17	000|27	000|18	000|28
海星	7[3]补极继
冰激凌	42[5]x继
糖葫芦	7[3]补极	000|34	000|44	000|54	000|71	000|72	000|73	000|74	000|75	000|13	000|23	000|33	000|43	000|53	000|77	000|67	000|57	000|47	000|37	000|68	000|58	000|48	000|52	000|42	000|32	000|22
木盘子	7[1]继
棉花糖	5[1]继
瓜皮	15[2]补极继
处女座	30[2]补极继
油灯	12[3]继
狮子座	35[3]补极继
热狗	7[3]补
