轨道版本号=v4.4
注释=
人物1位置=12
人物2位置=75
魔塔层数=0
退出时间=0
卡槽数=11
宝石	120[0]
铲子	0[0]
咖啡粉	7[4]
小火炉	7[3]补极	004|32	000|52	000|23	000|33	000|43	000|53	000|73	000|14	000|24	000|44	000|64	000|74	000|34	000|13	000|63	000|22	000|62
海星	7[3]补独	001|47	005|77	008|67	011|37	018|17	025|41	032|38	039|68	042|78	045|18	052|76	059|66	066|56	073|36	076|16	079|75	086|65	093|55	100|15	107|48	110|28	113|58	120|27	127|57	134|26	141|46	144|25	147|00	154|00	161|00	168|00	175|00	178|00	181|00	188|00	195|00	202|00	209|00	212|00	215|00	222|00	229|00	236|00	243|00	246|00	249|00	256|00	263|00	270|00	277|00	280|00	283|00	290|00	297|00	304|00	311|00	314|00	317|00
冰沙	34[5]独	004|00	038|00	072|00	106|00	140|00	174|00	208|00	242|00	276|00	310|00
糖葫芦	7[3]
木盘子	7[1]
棉花糖	5[1]极	004|77	000|27	000|78	000|68	000|28	000|18	000|54	000|56	000|36	000|34	000|13	000|63	000|22	000|62	000|72	000|12
瓜皮	15[2]补极独	041|41	000|47	000|77	000|67	000|37	000|17	000|57	000|27
处女座	30[2]
油灯	12[3]
面粉袋	7[3]补极	004|35	000|45	000|54
--第2波--
宝石	120[0]继
铲子	0[0]继
咖啡粉	7[4]继
小火炉	7[3]补极继
海星	7[3]补极独	000|47	000|77	000|67	000|37	000|17	000|41	000|38	000|68	000|78	000|18	000|76	000|66	000|56	000|36	000|16	000|75	000|65	000|55	000|15	000|48	000|46	000|59	000|69	000|79	000|19
冰沙	34[5]独继
糖葫芦	7[3]继
木盘子	7[1]继
棉花糖	5[1]极继
瓜皮	15[2]补极	000|59	000|69	000|79	000|19	000|41	000|47	000|77	000|67	000|37	000|17	000|38	000|68	000|78	000|18	000|48	000|58	000|28	000|27	000|57
处女座	30[2]补极	000|59	000|69	000|79	000|19
油灯	12[3]继
面粉袋	7[3]补
