轨道版本号=v4.4
注释=
人物1位置=46
人物2位置=72
魔塔层数=0
退出时间=0
卡槽数=9
宝石	120[0]
铲子	0[0]
咖啡粉	7[4]
木盘子	7[1]
小火炉	7[3]补极	000|18	000|28	000|38	000|48	000|58	000|68	000|78	000|19	000|29	000|39	000|49	000|59	000|69	000|79
酒杯灯	7[3]补极	000|78	000|68	000|58	000|48	000|38	000|28	000|18	000|79	000|69	000|59	000|49	000|39	000|29	000|19
冰激凌	30[5]独	031|22	061|22	091|22	121|22	151|22	181|22	211|22	241|22	271|22	301|22
瓜皮	15[2]补极	000|31	000|51	000|11	000|21	000|61	000|71	000|41
布丁	8[3]补极	000|11	000|21	000|61	000|71
面粉袋	8[3]
海盐粉	30[3]独	032|22	034|62	062|22	064|62	092|22	094|62	122|22	124|62	152|22	154|62	182|22	184|62	212|22	214|62	242|22	244|62	272|22	274|62	302|22	304|62
--第1波--
宝石	120[0]
铲子	0[0]
咖啡粉	7[4]
木盘子	7[1]
小火炉	7[3]补极	000|31	000|51	000|18	000|28	000|38	000|48	000|58	000|68	000|78
酒杯灯	7[3]补极	000|78	000|68	000|58	000|48	000|38	000|28	000|31	000|51	000|18
冰激凌	30[5]独继
瓜皮	15[2]补极继
布丁	8[3]补极继
面粉袋	8[3]
海盐粉	30[3]独继
