轨道版本号=v4.4
注释=
人物1位置=75
人物2位置=72
魔塔层数=0
退出时间=0
卡槽数=9
宝石	120[0]
铲子	0[0]
咖啡粉	7[4]
木盘子	7[1]
小火炉	7[3]补极	000|21	000|31	000|41	000|51	000|61	000|17	000|77	000|18	000|38	000|58	000|78
酒杯灯	7[3]补极	000|61	000|51	000|41	000|31	000|21	000|17	000|77	000|18	000|38	000|58	000|78
冰激凌	30[5]独	031|23	061|23	091|23	121|23	151|23	181|23	211|23	241|23	272|23	303|23
瓜皮	15[2]补极	000|12	000|22	000|32	000|42	000|52	000|62	000|72	000|21	000|41	000|61	000|31	000|51	000|11	000|71
布丁	8[3]补极独	000|22	000|42	000|62
面粉袋	8[3]补独	004|11	012|35	020|45	028|55	036|00	044|00	052|00	060|00	068|00	076|00	084|00	092|00	100|00	108|00	116|00	124|00	132|00	140|00	148|00	156|00	164|00	172|00	180|00	188|00	196|00	204|00	212|00	220|00	228|00	236|00	244|00	252|00	260|00	268|00	276|00	284|00	292|00	300|00	308|00	316|00	324|00	332|00	340|00	348|00	356|00	364|00	372|00	380|00	388|00	396|00	404|00	412|00	420|00	428|00	436|00	444|00	452|00	460|00	468|00	476|00	484|00	492|00	500|00	508|00	516|00	524|00	532|00	540|00	548|00	556|00	564|00	572|00	580|00	588|00	596|00	604|00	612|00	620|00	628|00	636|00	644|00	652|00	660|00	668|00	676|00	684|00	692|00	700|00	708|00	716|00	724|00	732|00	740|00	748|00	756|00	764|00	772|00	780|00	788|00	796|00	804|00	812|00	820|00	828|00	836|00	844|00	852|00	860|00	868|00	876|00	884|00	892|00	900|00	908|00	916|00	924|00	932|00	940|00	948|00	956|00
海盐粉	40[3]独	032|23	034|53	062|23	064|53	092|23	094|53	122|23	124|53	152|23	154|53	182|23	184|53	212|23	214|53	242|23	244|53	273|23	275|53	304|23	306|53
