轨道版本号=v4.4
注释=
人物1位置=13
人物2位置=64
魔塔层数=0
退出时间=0
卡槽数=9
宝石	120[0]
铲子	0[0]
咖啡粉	7[4]
木盘子	7[1]
小火炉	7[3]
酒杯灯	7[3]
冰激凌	60[5]独	122|46	128|62	182|24	188|62	602|24	608|62	665|44	725|44	000|62
瓜皮	15[2]
布丁	7[3]
海盐粉	57[3]独	063|24	123|46	125|66	129|62	131|32	183|24	185|32	189|62	191|64	243|46	303|26	306|46	363|26	423|44	426|64	483|46	543|26	546|66	603|24	605|32	609|62	611|64	663|24	666|44	668|64	723|24	726|44	728|64
棉花糖	5[1]	001|21	006|31	016|41	021|61	026|71	031|22	036|42	041|72	046|23	051|33	056|43	061|63	066|73	071|14	076|34	081|54	086|74	091|15	096|25	101|35	106|45	111|55	116|65	121|75	126|16	131|36	136|56	141|76	146|17	151|27	156|37	161|47	166|57	171|67	176|77	181|51	186|52	191|53	196|21	201|31	206|41	211|61	216|71	221|22	226|42	231|72	236|23	241|33	246|43	251|63	256|73	261|14	266|34	271|54	276|74	281|15	286|25	291|35	296|45	301|55	306|65	311|75	316|16	321|36	326|56	331|76	336|17	341|27	346|37	351|47	356|57	361|67	366|77	371|51	376|52	381|53	386|21	391|31	396|41	401|61	406|71	411|22	416|42	421|72	426|23	431|33	436|43	441|63	446|73	451|14	456|34	461|54	466|74	471|15	476|25	481|35	486|45	491|55	496|65	501|75	506|16	511|36	516|56	521|76	526|17	531|27	536|37	541|47	546|57	551|67	556|77	561|51	566|52	571|53	576|21	581|31	586|41	591|61	596|71	601|22	606|42	611|72	616|23	621|33	626|43	631|63	636|73	641|14	646|34	651|54	656|74	661|15	666|25	671|35	676|45	681|55	686|65	691|75	696|16	701|36	706|56	711|76	716|17	721|27	726|37	731|47	736|57	741|67	746|77	751|51	756|52	761|53
