轨道版本号=v4.4
注释=瓜皮和螃蟹最好8星及以上，瓜皮最好带技能，冰桶至少6星，开水至少4星，冰激凌无要求
人物1位置=52
人物2位置=13
魔塔层数=0
退出时间=0
卡槽数=10
宝石	120[0]
铲子	0[0]
微波炉	7[3]补极,0,0,1000,,,0,,0,,,,1	002|19	000|29	000|39	000|49	000|69	000|79	000|18	000|28	000|38	000|48	000|58	000|68	000|78	000|17	000|27	000|37	000|47	000|57	000|67	000|77
木盘子	7[1]
小火炉	7[3]
酒杯灯	7[3]
冰激凌	42[5]极独	050|33	000|33	000|37	000|37	000|37	000|37	000|37	000|37	000|37	000|37	000|37
瓜皮	15[2]补极独	000|37	000|31	000|52	000|33	000|51	000|38	000|58	000|21	000|24	000|23	000|22	000|57	000|61	000|64	000|63	000|62	000|32	000|54	000|34	000|53	000|36	000|56	000|35	000|55
布丁	7[3]补极独	080|32	000|53
年糕蟹	37[3]补极独	000|33	000|72	000|12	000|54	000|73	000|13	000|74	000|14
冰桶	40[3]补独	068|59	130|00	170|00	210|00	250|00	290|00	330|00	370|00	410|00	450|00	490|00	530|00	570|00
开水壶	30[3]
--第5波--
宝石	120[0]
铲子	0[0]
微波炉	7[3]
木盘子	7[1]
小火炉	7[3]
酒杯灯	7[3]
冰激凌	42[5]极独继
瓜皮	15[2]补极独	000|37	000|31	000|52	000|33	000|51	000|38	000|58	000|21	000|24	000|23	000|22	000|57	000|61	000|64	000|63	000|62	000|32	000|54	000|34	000|53	000|36	000|56	000|35	000|55
布丁	7[3]补极独	000|32	000|53
年糕蟹	37[3]补极独	000|33	000|72	000|12	000|54	000|73	000|13	000|74	000|14
冰桶	40[3]补独继
开水壶	30[3]独	002|39	045|39
--第8波--
宝石	120[0]
铲子	0[0]独
微波炉	7[3]
木盘子	7[1]
小火炉	7[3]
酒杯灯	7[3]
冰激凌	42[5]独	018|33
瓜皮	15[2]补极独	000|31	000|52	000|33	000|51	000|38	000|58	000|24	000|64	000|23	000|63	000|22	000|62	000|21	000|61	000|37	000|57	000|32	000|53	000|34	000|54	000|36	000|56	000|35	000|55
布丁	7[3]补极独	000|32	000|53
年糕蟹	37[3]补极独	000|12	000|72	000|33	000|54	000|13	000|73	000|14	000|74	000|35	000|55	000|36
冰桶	27[3]补极独继
开水壶	30[3]
