轨道版本号=v4.4
注释=
人物1位置=13
人物2位置=53
魔塔层数=0
退出时间=0
卡槽数=12
宝石	120[0]
铲子	7[0]
咖啡粉	7[4]
小火炉	7[3]补极独	001|11	012|21	000|31	000|41	000|51	000|61	000|71	000|12	000|22	000|42	000|52	000|62	000|72	000|32
海星	7[3]补极独	031|32	000|36	000|56	000|76	000|46	000|66	000|17	000|27	000|37	000|47	000|57	000|67	000|77
冰沙	33[5]极,0,0,300	032|00
糖葫芦	7[3]补极独,0,0,475	045|23	000|33	000|43
木盘子	7[1]
棉花糖	10[1]
瓜皮	15[2]
处女座	30[2]
油灯	7[3]
狮子座	35[3]
年糕蟹	37[3]补极	032|24	000|44	000|64	000|74	000|34	000|14
--第1波--
宝石	120[0]
铲子	0[0]	001|32	001|15	008|25	015|55	022|65	029|75
咖啡粉	7[4]继
小火炉	7[3]补极独	000|11	000|21	000|31	000|41	000|51	000|61	000|71	000|12	000|22	000|32	000|42	000|52	000|62	000|72	000|15	000|25	000|55	000|65	000|75
海星	7[3]补极独	000|36	000|46	000|56	000|66	000|76	000|17	000|27	000|37	000|47	000|57	000|67	000|77
冰沙	33[5]继
糖葫芦	7[3]补极独继
木盘子	7[1]继
棉花糖	10[1]继
瓜皮	15[2]继
处女座	30[2]继
油灯	7[3]继
狮子座	35[3]继
年糕蟹	37[3]继
--第2波--
宝石	120[0]
铲子	0[0]	001|15	001|18	008|25	008|28	015|55	015|38	022|65	022|48	029|75	029|58	036|68	043|78
咖啡粉	7[4]继
小火炉	7[3]补极独	000|11	000|21	000|31	000|41	000|51	000|61	000|71	000|12	000|22	000|32	000|42	000|52	000|62	000|72	000|18	000|28	000|38	000|48	000|58	000|68	000|78
海星	7[3]补极独继
冰沙	33[5]继
糖葫芦	7[3]补极独	000|23	000|33	000|43	000|15	000|25	000|55	000|65	000|75
木盘子	7[1]继
棉花糖	10[1]继
瓜皮	15[2]继
处女座	30[2]继
油灯	7[3]继
狮子座	35[3]继
年糕蟹	37[3]继
--第3波--
宝石	120[0]
铲子	7[0]	001|12	008|22	015|32	022|42	029|52	036|62	043|72
咖啡粉	7[4]继
小火炉	7[3]补极独	000|11	000|21	000|31	000|41	000|51	000|61	000|71	000|18	000|28	000|38	000|48	000|58	000|68	000|78
海星	7[3]补极独继
冰沙	33[5]继
糖葫芦	7[3]补极独	000|23	000|33	000|43	000|15	000|25	000|55	000|65	000|75	000|12	000|22	000|32	000|42	000|52	000|62	000|72
木盘子	7[1]继
棉花糖	10[1]继
瓜皮	15[2]继
处女座	30[2]继
油灯	7[3]继
狮子座	35[3]继
年糕蟹	37[3]继
--第4波--
宝石	120[0]
铲子	7[0]	001|11	008|21	015|31	022|41	029|51	036|61	043|71
咖啡粉	7[4]继
小火炉	7[3]补极独	000|18	000|28	000|38	000|48	000|58	000|68	000|78
海星	7[3]补极独继
冰沙	33[5]继
糖葫芦	7[3]补极独	000|23	000|33	000|43	000|15	000|25	000|55	000|65	000|75	000|12	000|22	000|32	000|42	000|52	000|62	000|72	000|11	000|21	000|31	000|41	000|51	000|61	000|71
木盘子	7[1]继
棉花糖	10[1]继
瓜皮	15[2]继
处女座	30[2]继
油灯	7[3]继
狮子座	35[3]继
年糕蟹	37[3]继
