轨道版本号=v4.4
注释=
人物1位置=11
人物2位置=71
魔塔层数=0
退出时间=0
卡槽数=11
宝石	120[0]
铲子	0[0]
咖啡粉	7[4]
小火炉	7[3]	002|12	012|22	019|32	026|42	033|52	040|62	047|72	054|13	061|23	068|33	075|43	082|53	089|63	096|73	103|21	110|31	117|41	124|51	131|61	138|14	145|24	152|34	159|54	166|64	173|74
海星	7[3]	032|68	044|48	051|28	058|44	065|17	072|27	079|37	086|47	093|57	100|77	107|16	114|26	121|36	128|46	135|56	142|66	149|76	156|15	163|25	170|35	177|45	184|55	191|65	198|75
冰激凌	42[5]
糖葫芦	7[3]
木盘子	7[1]	003|68	010|48	017|28	024|17	031|27	038|37	045|47	052|57	059|77	066|16	073|26	080|36	087|46	094|56	101|66	108|76	115|15	122|25	129|35	136|45	143|55	150|65	157|75
棉花糖	5[1]
瓜皮	15[2]
处女座	30[2]
油灯	12[3]
狮子座	35[3]
