轨道版本号=v4.0
注释=
人物1位置=13
人物2位置=73
魔塔层数=0
退出时间=0
卡槽数=13
宝石	120[0]
铲子	7[0]
小火炉	7[3]补	002|12	012|22	019|32	026|42	033|52	040|62	047|72	054|23	061|33	068|43	075|53	082|63
海星	7[3]补	019|78	026|58	033|38	040|18	047|68	054|48	061|28	068|17	075|47	082|77	089|16	096|26	103|36	110|46	117|56	124|66	131|76	138|15	145|25	152|35	159|45	166|55	173|65	180|75	187|14	194|24	201|34	208|44	215|54	222|64	229|74
冰激凌	42[5]	051|27	093|67
糖葫芦	7[3]
木盘子	7[1]
棉花糖	5[1]	018|23	023|33	028|43	033|53	038|27	043|63	048|67	053|37	058|57	063|00	068|00
狮子座	35[3]	051|27	058|67	093|37	097|57
瓜皮	15[2]
处女座	30[2]
油灯	12[3]
布丁	7[3]
气泡	10[1]
咖啡粉	7[3]
