轨道版本号=v4.5
注释=
人物1位置=45
魔塔层数=0
退出时间=0
刷技能模式=0
卡槽数=11
宝石	120[0]
铲子	0[0]
咖啡粉	7[4]
小火炉	7[3]补极	000|21	000|31	000|41	000|51	000|61	000|71	000|32	000|42	000|52	000|62	000|72
海星	7[3]补极	000|39	000|59	000|69	000|29	000|49	000|38	000|48	000|58	000|18	000|78
冰激凌	42[5]极	000|29
糖葫芦	7[3]补极	000|16	000|15	000|13	000|11	000|28	000|27	000|68	000|12	000|14	000|26	000|25	000|24	000|23	000|22	000|67	000|57	000|47	000|37
木盘子	7[1]
棉花糖	10[1]
瓜皮	15[2]补极	000|29	000|69	000|49	000|39	000|59	000|19	000|79
处女座	30[2]补极	000|69	000|39	000|29	000|49	000|59	000|19	000|79
油灯	12[3]
布丁	7[3]补极	000|19	000|79	000|17	000|77
