人物1位置=11
人物2位置=71
魔塔层数=0
宝石波次=
卡槽数=5
铲子	0	168|74	175|64	182|54	189|44	196|34	203|24	210|14	217|73	224|63	231|53	238|43	245|33	252|23	259|13
小火炉	7x	002|12	014|22	021|32	028|42	035|52	042|62	049|72	056|21	063|31	070|41	077|51	084|61
酒杯灯	7x	014|13	021|23	028|33	035|43	042|53	049|63	056|73	063|14	070|24	077|34	084|44	093|54	100|64	107|74
海星	7x补	039|46	053|47	062|48	092|76	099|56	106|26	113|16	120|65	127|35	134|75	141|55	148|45	155|25	162|15	169|74	176|64	183|54	190|44	197|34	204|24	211|14	218|73	225|63	232|53	239|43	246|33	253|23	260|13	267|00	274|00	281|00	288|00	295|00	302|00	309|00	316|00	323|00	330|00	337|00	344|00	351|00	358|00	365|00	372|00	379|00	386|00	393|00	400|00	407|00	414|00	421|00	428|00	435|00	442|00	449|00	456|00	463|00	470|00	477|00	484|00	491|00	498|00	505|00	512|00	519|00	526|00	533|00	540|00	547|00	554|00	561|00	568|00	575|00	582|00	589|00	596|00	603|00	610|00	617|00	624|00	631|00	638|00	645|00	652|00	659|00	666|00	673|00	680|00	687|00	694|00	701|00	708|00	715|00	722|00	729|00	736|00	743|00	750|00	757|00	764|00	771|00	778|00	785|00	792|00	799|00	806|00	813|00	820|00	827|00	834|00	841|00	848|00	855|00	862|00	869|00	876|00	883|00	890|00	897|00	904|00	911|00	918|00	925|00	932|00	939|00	946|00	953|00	960|00
狮子座	35x	072|36	087|66
冰激凌	42x	084|36
